# Athena++ history data
# [1]=time     [2]=dt       [3]=mass     [4]=1-mom    [5]=2-mom    [6]=3-mom    [7]=1-KE     [8]=2-KE     [9]=3-KE     [10]=tot-E   
  0.00000e+00  9.65132e-04  7.01016e+00  1.16296e-16  7.16778e+00  0.00000e+00  1.63040e-01  3.85615e+00  0.00000e+00  4.13570e+00
  5.00828e-01  9.61546e-04  7.01052e+00 -4.03565e-01  7.42871e+00  0.00000e+00  1.60035e-01  4.21497e+00  0.00000e+00  4.47852e+00
  1.00047e+00  9.60568e-04  7.01177e+00 -3.20884e-01  7.75724e+00  0.00000e+00  1.71283e-01  4.61856e+00  0.00000e+00  4.88978e+00
  1.50005e+00  8.08773e-04  7.01282e+00 -1.84991e-01  7.81901e+00  0.00000e+00  1.90047e-01  4.62115e+00  0.00000e+00  4.94090e+00
  2.00014e+00  7.19951e-04  7.01291e+00 -1.51465e-01  7.85161e+00  0.00000e+00  1.88692e-01  4.62028e+00  0.00000e+00  4.97792e+00
  2.50034e+00  7.01131e-04  7.01357e+00 -3.62641e-02  7.98225e+00  0.00000e+00  1.97441e-01  4.81198e+00  0.00000e+00  5.18358e+00
  3.00047e+00  6.96396e-04  7.01584e+00  2.37514e-01  7.96159e+00  0.00000e+00  2.11609e-01  4.81082e+00  0.00000e+00  5.18007e+00
  3.50053e+00  6.81818e-04  7.01956e+00  4.33056e-01  7.73381e+00  0.00000e+00  1.83164e-01  4.55619e+00  0.00000e+00  4.88666e+00
  4.00063e+00  6.44242e-04  7.02399e+00  3.82975e-01  7.38879e+00  0.00000e+00  1.56411e-01  4.13299e+00  0.00000e+00  4.44134e+00
  4.50007e+00  6.49487e-04  7.02645e+00  4.34436e-02  7.20866e+00  0.00000e+00  1.41204e-01  3.91098e+00  0.00000e+00  4.21456e+00
  5.00044e+00  6.58039e-04  7.02601e+00 -3.06313e-01  7.35543e+00  0.00000e+00  1.42897e-01  4.09925e+00  0.00000e+00  4.41317e+00
  5.50040e+00  6.63548e-04  7.01080e+00 -3.88529e-01  7.65707e+00  0.00000e+00  1.59328e-01  4.47488e+00  0.00000e+00  4.81163e+00
  6.00026e+00  6.89627e-04  6.96779e+00 -2.60057e-01  7.84063e+00  0.00000e+00  1.85469e-01  4.68917e+00  0.00000e+00  5.06039e+00
  6.50012e+00  6.81680e-04  6.93452e+00 -7.87116e-02  7.90527e+00  0.00000e+00  1.89964e-01  4.76138e+00  0.00000e+00  5.14536e+00
  7.00001e+00  6.65935e-04  6.91299e+00  1.38161e-01  7.87522e+00  0.00000e+00  1.72880e-01  4.74869e+00  0.00000e+00  5.11673e+00
  7.50004e+00  6.23828e-04  6.89317e+00  2.93666e-01  7.67379e+00  0.00000e+00  1.68886e-01  4.51843e+00  0.00000e+00  4.87942e+00
  8.00056e+00  6.33391e-04  6.87183e+00  2.50696e-01  7.45149e+00  0.00000e+00  1.58156e-01  4.27617e+00  0.00000e+00  4.62214e+00
  8.50042e+00  6.39802e-04  6.85962e+00  1.05743e-01  7.33661e+00  0.00000e+00  1.42663e-01  4.16349e+00  0.00000e+00  4.49074e+00
  9.00020e+00  6.52088e-04  6.85706e+00 -5.76071e-02  7.33522e+00  0.00000e+00  1.35449e-01  4.16731e+00  0.00000e+00  4.48782e+00
  9.50030e+00  7.12892e-04  6.85980e+00 -1.82326e-01  7.43207e+00  0.00000e+00  1.37550e-01  4.27484e+00  0.00000e+00  4.60167e+00
  1.00006e+01  6.98022e-04  6.85996e+00 -2.17484e-01  7.58245e+00  0.00000e+00  1.48198e-01  4.44438e+00  0.00000e+00  4.78693e+00
  1.05002e+01  7.29772e-04  6.86010e+00 -1.37236e-01  7.71339e+00  0.00000e+00  1.57521e-01  4.59316e+00  0.00000e+00  4.94885e+00
  1.10006e+01  7.59685e-04  6.85827e+00  6.30624e-03  7.75108e+00  0.00000e+00  1.62165e-01  4.63325e+00  0.00000e+00  4.99558e+00
  1.15003e+01  7.26148e-04  6.85167e+00  1.27210e-01  7.68476e+00  0.00000e+00  1.56954e-01  4.55553e+00  0.00000e+00  4.91218e+00
  1.20004e+01  7.32559e-04  6.84221e+00  1.72468e-01  7.56777e+00  0.00000e+00  1.43990e-01  4.42815e+00  0.00000e+00  4.76942e+00
  1.25002e+01  7.21202e-04  6.83412e+00  1.35493e-01  7.45133e+00  0.00000e+00  1.31488e-01  4.30075e+00  0.00000e+00  4.62681e+00
  1.30005e+01  7.18174e-04  6.82739e+00  2.87138e-02  7.38818e+00  0.00000e+00  1.26645e-01  4.23227e+00  0.00000e+00  4.55183e+00
  1.35006e+01  7.12134e-04  6.82151e+00 -9.06109e-02  7.41468e+00  0.00000e+00  1.30023e-01  4.26760e+00  0.00000e+00  4.59014e+00
  1.40000e+01  6.96067e-04  6.81621e+00 -1.49423e-01  7.51314e+00  0.00000e+00  1.39703e-01  4.38728e+00  0.00000e+00  4.72020e+00
  1.45006e+01  6.82338e-04  6.80857e+00 -1.12539e-01  7.61472e+00  0.00000e+00  1.49310e-01  4.51052e+00  0.00000e+00  4.85481e+00
  1.50004e+01  6.74647e-04  6.80137e+00 -9.80749e-03  7.65166e+00  0.00000e+00  1.52824e-01  4.55510e+00  0.00000e+00  4.90559e+00
  1.55006e+01  6.72724e-04  6.79255e+00  8.32190e-02  7.60041e+00  0.00000e+00  1.48780e-01  4.49439e+00  0.00000e+00  4.84339e+00
  1.60007e+01  6.99502e-04  6.78703e+00  1.05441e-01  7.50813e+00  0.00000e+00  1.39548e-01  4.38564e+00  0.00000e+00  4.72641e+00
  1.65003e+01  7.28025e-04  6.78470e+00  5.71972e-02  7.44051e+00  0.00000e+00  1.31865e-01  4.30893e+00  0.00000e+00  4.64063e+00
  1.70001e+01  7.46972e-04  6.78374e+00 -1.62662e-02  7.43142e+00  0.00000e+00  1.31766e-01  4.30285e+00  0.00000e+00  4.63139e+00
  1.75007e+01  7.46658e-04  6.78118e+00 -6.62129e-02  7.47112e+00  0.00000e+00  1.38566e-01  4.35412e+00  0.00000e+00  4.68658e+00
  1.80006e+01  7.37924e-04  6.77820e+00 -6.82737e-02  7.52549e+00  0.00000e+00  1.46401e-01  4.41999e+00  0.00000e+00  4.75926e+00
  1.85000e+01  7.22811e-04  6.77682e+00 -3.10381e-02  7.56022e+00  0.00000e+00  1.49381e-01  4.45922e+00  0.00000e+00  4.80283e+00
  1.90004e+01  7.08328e-04  6.77646e+00  1.60935e-02  7.55911e+00  0.00000e+00  1.46208e-01  4.45499e+00  0.00000e+00  4.79839e+00
  1.95004e+01  7.14275e-04  6.77566e+00  4.40463e-02  7.52881e+00  0.00000e+00  1.40744e-01  4.41752e+00  0.00000e+00  4.75824e+00
  2.00006e+01  7.42204e-04  6.77403e+00  3.93824e-02  7.49271e+00  0.00000e+00  1.37148e-01  4.37529e+00  0.00000e+00  4.71359e+00
  2.05003e+01  7.81429e-04  6.77222e+00  1.34163e-02  7.47566e+00  0.00000e+00  1.36288e-01  4.35834e+00  0.00000e+00  4.69482e+00
  2.10005e+01  7.81724e-04  6.77018e+00 -9.70299e-03  7.48084e+00  0.00000e+00  1.37589e-01  4.36870e+00  0.00000e+00  4.70413e+00
  2.15001e+01  7.76232e-04  6.76838e+00 -1.82164e-02  7.49371e+00  0.00000e+00  1.39836e-01  4.38567e+00  0.00000e+00  4.72100e+00
  2.20002e+01  7.78914e-04  6.76824e+00 -1.68566e-02  7.50500e+00  0.00000e+00  1.41269e-01  4.39757e+00  0.00000e+00  4.73309e+00
  2.25007e+01  7.65360e-04  6.77045e+00 -1.18544e-02  7.51488e+00  0.00000e+00  1.41502e-01  4.40631e+00  0.00000e+00  4.74223e+00
  2.30008e+01  7.86727e-04  6.77494e+00 -2.41738e-03  7.52311e+00  0.00000e+00  1.40266e-01  4.41268e+00  0.00000e+00  4.74872e+00
  2.35005e+01  7.96968e-04  6.78076e+00  9.63479e-03  7.52633e+00  0.00000e+00  1.38707e-01  4.41346e+00  0.00000e+00  4.74985e+00
  2.40004e+01  7.65452e-04  6.78503e+00  1.77136e-02  7.52077e+00  0.00000e+00  1.37885e-01  4.40458e+00  0.00000e+00  4.74165e+00
  2.45003e+01  8.23683e-04  6.78513e+00  1.86464e-02  7.50964e+00  0.00000e+00  1.36041e-01  4.39215e+00  0.00000e+00  4.72784e+00
  2.50003e+01  7.84336e-04  6.78254e+00  1.00606e-02  7.49869e+00  0.00000e+00  1.35231e-01  4.38121e+00  0.00000e+00  4.71533e+00
  2.55003e+01  7.84291e-04  6.77802e+00 -2.68703e-03  7.49260e+00  0.00000e+00  1.34602e-01  4.37623e+00  0.00000e+00  4.70821e+00
  2.60002e+01  8.07813e-04  6.77239e+00 -1.67299e-02  7.49661e+00  0.00000e+00  1.35214e-01  4.38431e+00  0.00000e+00  4.71544e+00
  2.65006e+01  7.96605e-04  6.76850e+00 -2.09609e-02  7.50772e+00  0.00000e+00  1.37058e-01  4.39870e+00  0.00000e+00  4.73090e+00
  2.70007e+01  8.53278e-04  6.76760e+00 -1.30945e-02  7.52206e+00  0.00000e+00  1.37407e-01  4.41688e+00  0.00000e+00  4.74986e+00
  2.75006e+01  8.05128e-04  6.76901e+00  3.56134e-03  7.52519e+00  0.00000e+00  1.37521e-01  4.41869e+00  0.00000e+00  4.75313e+00
  2.80008e+01  8.50689e-04  6.77138e+00  1.68796e-02  7.51749e+00  0.00000e+00  1.34995e-01  4.40799e+00  0.00000e+00  4.74171e+00
  2.85006e+01  8.04337e-04  6.76916e+00  1.55868e-02  7.50022e+00  0.00000e+00  1.33100e-01  4.38781e+00  0.00000e+00  4.72089e+00
  2.90004e+01  8.21118e-04  6.76678e+00  3.51102e-03  7.48924e+00  0.00000e+00  1.31376e-01  4.37576e+00  0.00000e+00  4.70748e+00
  2.95001e+01  8.15922e-04  6.76610e+00 -1.33442e-02  7.49199e+00  0.00000e+00  1.31889e-01  4.37936e+00  0.00000e+00  4.71105e+00
  3.00002e+01  8.06288e-04  6.76680e+00 -2.09069e-02  7.50556e+00  0.00000e+00  1.34023e-01  4.39455e+00  0.00000e+00  4.72738e+00
  3.05006e+01  8.22329e-04  6.76818e+00 -1.67063e-02  7.52272e+00  0.00000e+00  1.35745e-01  4.41455e+00  0.00000e+00  4.74837e+00
  3.10006e+01  8.03090e-04  6.76969e+00 -7.96363e-04  7.53012e+00  0.00000e+00  1.36986e-01  4.42170e+00  0.00000e+00  4.75662e+00
  3.15004e+01  8.35090e-04  6.77089e+00  1.50465e-02  7.52600e+00  0.00000e+00  1.35282e-01  4.41660e+00  0.00000e+00  4.75050e+00
  3.20005e+01  8.05825e-04  6.77165e+00  2.12200e-02  7.51059e+00  0.00000e+00  1.33827e-01  4.39702e+00  0.00000e+00  4.73042e+00
  3.25002e+01  8.15406e-04  6.77158e+00  1.42531e-02  7.49723e+00  0.00000e+00  1.31501e-01  4.38162e+00  0.00000e+00  4.71358e+00
  3.30006e+01  8.08259e-04  6.76957e+00 -9.69316e-04  7.49134e+00  0.00000e+00  1.31321e-01  4.37594e+00  0.00000e+00  4.70786e+00
  3.35004e+01  8.05160e-04  6.76691e+00 -1.33603e-02  7.49598e+00  0.00000e+00  1.32169e-01  4.38300e+00  0.00000e+00  4.71534e+00
  3.40006e+01  8.13026e-04  6.76535e+00 -1.79720e-02  7.50774e+00  0.00000e+00  1.33900e-01  4.39785e+00  0.00000e+00  4.73111e+00
  3.45002e+01  7.95540e-04  6.76546e+00 -1.10082e-02  7.51850e+00  0.00000e+00  1.35616e-01  4.40986e+00  0.00000e+00  4.74412e+00
  3.50001e+01  8.21201e-04  6.76695e+00  1.13209e-03  7.52359e+00  0.00000e+00  1.35539e-01  4.41518e+00  0.00000e+00  4.74913e+00
  3.55004e+01  8.04029e-04  6.76927e+00  1.26153e-02  7.51887e+00  0.00000e+00  1.34988e-01  4.40768e+00  0.00000e+00  4.74131e+00
  3.60008e+01  8.42883e-04  6.77214e+00  1.62495e-02  7.51044e+00  0.00000e+00  1.32926e-01  4.39660e+00  0.00000e+00  4.72883e+00
  3.65005e+01  8.25717e-04  6.77481e+00  1.08150e-02  7.50194e+00  0.00000e+00  1.31619e-01  4.38483e+00  0.00000e+00  4.71641e+00
  3.70001e+01  8.31973e-04  6.77625e+00  3.05851e-05  7.50028e+00  0.00000e+00  1.30700e-01  4.38239e+00  0.00000e+00  4.71345e+00
  3.75004e+01  8.43146e-04  6.77463e+00 -1.02944e-02  7.50432e+00  0.00000e+00  1.30799e-01  4.38809e+00  0.00000e+00  4.71919e+00
  3.80007e+01  8.22091e-04  6.77122e+00 -1.41114e-02  7.51192e+00  0.00000e+00  1.31785e-01  4.39865e+00  0.00000e+00  4.73032e+00
  3.85001e+01  8.59279e-04  6.76848e+00 -1.01822e-02  7.51956e+00  0.00000e+00  1.32384e-01  4.40907e+00  0.00000e+00  4.74090e+00
  3.90002e+01  8.35504e-04  6.76671e+00 -1.38944e-03  7.52178e+00  0.00000e+00  1.32795e-01  4.41206e+00  0.00000e+00  4.74410e+00
  3.95007e+01  8.52307e-04  6.76629e+00  7.38969e-03  7.51863e+00  0.00000e+00  1.31789e-01  4.40846e+00  0.00000e+00  4.73971e+00
  4.00008e+01  8.47361e-04  6.76697e+00  1.07400e-02  7.51128e+00  0.00000e+00  1.30415e-01  4.39912e+00  0.00000e+00  4.72955e+00
  4.05008e+01  8.34806e-04  6.76830e+00  7.50340e-03  7.50456e+00  0.00000e+00  1.29037e-01  4.39015e+00  0.00000e+00  4.71986e+00
  4.10004e+01  8.53850e-04  6.76923e+00 -9.42913e-04  7.50273e+00  0.00000e+00  1.28064e-01  4.38745e+00  0.00000e+00  4.71671e+00
  4.15007e+01  8.36146e-04  6.76892e+00 -9.17519e-03  7.50613e+00  0.00000e+00  1.28229e-01  4.39118e+00  0.00000e+00  4.72079e+00
  4.20003e+01  8.53505e-04  6.76849e+00 -1.25899e-02  7.51427e+00  0.00000e+00  1.28759e-01  4.40083e+00  0.00000e+00  4.73087e+00
  4.25003e+01  8.46713e-04  6.76859e+00 -9.67401e-03  7.52228e+00  0.00000e+00  1.29704e-01  4.40967e+00  0.00000e+00  4.74040e+00
  4.30002e+01  8.45799e-04  6.76910e+00 -1.83424e-03  7.52665e+00  0.00000e+00  1.30107e-01  4.41421e+00  0.00000e+00  4.74517e+00
  4.35001e+01  8.56900e-04  6.76986e+00  6.31200e-03  7.52519e+00  0.00000e+00  1.29808e-01  4.41193e+00  0.00000e+00  4.74260e+00
  4.40008e+01  8.41597e-04  6.77083e+00  1.08104e-02  7.51919e+00  0.00000e+00  1.29044e-01  4.40422e+00  0.00000e+00  4.73432e+00
  4.45001e+01  8.54914e-04  6.77208e+00  9.59642e-03  7.51272e+00  0.00000e+00  1.27961e-01  4.39608e+00  0.00000e+00  4.72536e+00
  4.50007e+01  8.46560e-04  6.77345e+00  3.42275e-03  7.50910e+00  0.00000e+00  1.27426e-01  4.39106e+00  0.00000e+00  4.72001e+00
  4.55007e+01  8.42899e-04  6.77455e+00 -3.97762e-03  7.51063e+00  0.00000e+00  1.27558e-01  4.39223e+00  0.00000e+00  4.72132e+00
  4.60004e+01  8.52455e-04  6.77513e+00 -8.72169e-03  7.51650e+00  0.00000e+00  1.28197e-01  4.39881e+00  0.00000e+00  4.72834e+00
  4.65002e+01  8.44172e-04  6.77565e+00 -8.19911e-03  7.52361e+00  0.00000e+00  1.29180e-01  4.40669e+00  0.00000e+00  4.73692e+00
  4.70005e+01  8.49798e-04  6.77621e+00 -2.82737e-03  7.52855e+00  0.00000e+00  1.29820e-01  4.41215e+00  0.00000e+00  4.74280e+00
  4.75007e+01  8.53763e-04  6.77642e+00  4.25969e-03  7.52846e+00  0.00000e+00  1.29886e-01  4.41198e+00  0.00000e+00  4.74261e+00
  4.80004e+01  8.46270e-04  6.77601e+00  9.27947e-03  7.52325e+00  0.00000e+00  1.29340e-01  4.40616e+00  0.00000e+00  4.73634e+00
  4.85004e+01  8.53434e-04  6.77582e+00  9.36217e-03  7.51620e+00  0.00000e+00  1.28387e-01  4.39809e+00  0.00000e+00  4.72755e+00
  4.90004e+01  8.53478e-04  6.77616e+00  4.22131e-03  7.51139e+00  0.00000e+00  1.27642e-01  4.39225e+00  0.00000e+00  4.72121e+00
  4.95005e+01  8.50460e-04  6.77661e+00 -3.14309e-03  7.51155e+00  0.00000e+00  1.27383e-01  4.39213e+00  0.00000e+00  4.72097e+00
  5.00001e+01  8.55876e-04  6.77668e+00 -8.71239e-03  7.51635e+00  0.00000e+00  1.27563e-01  4.39760e+00  0.00000e+00  4.72665e+00
  5.05006e+01  8.56733e-04  6.77619e+00 -9.85208e-03  7.52294e+00  0.00000e+00  1.28037e-01  4.40526e+00  0.00000e+00  4.73475e+00
  5.10002e+01  8.54461e-04  6.77520e+00 -6.35427e-03  7.52808e+00  0.00000e+00  1.28372e-01  4.41144e+00  0.00000e+00  4.74126e+00
  5.15003e+01  8.59012e-04  6.77402e+00 -1.54348e-04  7.52944e+00  0.00000e+00  1.28212e-01  4.41342e+00  0.00000e+00  4.74319e+00
  5.20007e+01  8.58718e-04  6.77300e+00  5.56073e-03  7.52647e+00  0.00000e+00  1.27530e-01  4.41032e+00  0.00000e+00  4.73964e+00
  5.25000e+01  8.56609e-04  6.77234e+00  7.88066e-03  7.52071e+00  0.00000e+00  1.26534e-01  4.40377e+00  0.00000e+00  4.73244e+00
  5.30003e+01  8.62988e-04  6.77203e+00  5.47224e-03  7.51541e+00  0.00000e+00  1.25574e-01  4.39765e+00  0.00000e+00  4.72568e+00
  5.35005e+01  8.61870e-04  6.77185e+00 -1.00708e-04  7.51340e+00  0.00000e+00  1.25001e-01  4.39528e+00  0.00000e+00  4.72296e+00
  5.40003e+01  8.62598e-04  6.77162e+00 -5.60580e-03  7.51555e+00  0.00000e+00  1.24937e-01  4.39776e+00  0.00000e+00  4.72547e+00
  5.45000e+01  8.67062e-04  6.77138e+00 -8.29548e-03  7.52073e+00  0.00000e+00  1.25215e-01  4.40371e+00  0.00000e+00  4.73170e+00
  5.50008e+01  8.65373e-04  6.77134e+00 -6.76738e-03  7.52629e+00  0.00000e+00  1.25571e-01  4.40993e+00  0.00000e+00  4.73826e+00
  5.55007e+01  8.64517e-04  6.77163e+00 -1.99467e-03  7.52956e+00  0.00000e+00  1.25676e-01  4.41328e+00  0.00000e+00  4.74176e+00
  5.60004e+01  8.68442e-04  6.77231e+00  3.33511e-03  7.52930e+00  0.00000e+00  1.25366e-01  4.41239e+00  0.00000e+00  4.74065e+00
  5.65004e+01  8.67106e-04  6.77339e+00  6.49852e-03  7.52627e+00  0.00000e+00  1.24778e-01  4.40814e+00  0.00000e+00  4.73594e+00
  5.70001e+01  8.67431e-04  6.77491e+00  6.22490e-03  7.52273e+00  0.00000e+00  1.24163e-01  4.40317e+00  0.00000e+00  4.73044e+00
  5.75006e+01  8.71262e-04  6.77693e+00  2.81297e-03  7.52118e+00  0.00000e+00  1.23790e-01  4.40028e+00  0.00000e+00  4.72716e+00
  5.80005e+01  8.69728e-04  6.77929e+00 -1.52698e-03  7.52299e+00  0.00000e+00  1.23798e-01  4.40115e+00  0.00000e+00  4.72792e+00
  5.85003e+01  8.69028e-04  6.78129e+00 -4.28648e-03  7.52723e+00  0.00000e+00  1.24127e-01  4.40503e+00  0.00000e+00  4.73195e+00
  5.90005e+01  8.71328e-04  6.78191e+00 -4.41680e-03  7.53139e+00  0.00000e+00  1.24613e-01  4.40948e+00  0.00000e+00  4.73671e+00
  5.95008e+01  8.70550e-04  6.78090e+00 -2.18704e-03  7.53338e+00  0.00000e+00  1.25001e-01  4.41230e+00  0.00000e+00  4.73981e+00
  6.00003e+01  8.70894e-04  6.77958e+00  1.23354e-03  7.53290e+00  0.00000e+00  1.25120e-01  4.41243e+00  0.00000e+00  4.74008e+00
  6.05002e+01  8.74337e-04  6.77877e+00  4.01457e-03  7.53040e+00  0.00000e+00  1.24963e-01  4.41000e+00  0.00000e+00  4.73765e+00
  6.10006e+01  8.73926e-04  6.77833e+00  4.77764e-03  7.52685e+00  0.00000e+00  1.24648e-01  4.40613e+00  0.00000e+00  4.73369e+00
  6.15007e+01  8.73536e-04  6.77792e+00  2.97859e-03  7.52369e+00  0.00000e+00  1.24379e-01  4.40267e+00  0.00000e+00  4.73016e+00
  6.20008e+01  8.74576e-04  6.77739e+00 -5.37689e-04  7.52254e+00  0.00000e+00  1.24307e-01  4.40158e+00  0.00000e+00  4.72914e+00
  6.25007e+01  8.74035e-04  6.77680e+00 -3.78287e-03  7.52407e+00  0.00000e+00  1.24420e-01  4.40362e+00  0.00000e+00  4.73137e+00
  6.30001e+01  8.72191e-04  6.77619e+00 -4.79928e-03  7.52731e+00  0.00000e+00  1.24576e-01  4.40763e+00  0.00000e+00  4.73562e+00
  6.35007e+01  8.72085e-04  6.77545e+00 -3.16150e-03  7.53018e+00  0.00000e+00  1.24590e-01  4.41120e+00  0.00000e+00  4.73936e+00
  6.40005e+01  8.72903e-04  6.77445e+00  1.09509e-04  7.53102e+00  0.00000e+00  1.24274e-01  4.41254e+00  0.00000e+00  4.74067e+00
  6.45005e+01  8.72566e-04  6.77312e+00  3.26167e-03  7.52922e+00  0.00000e+00  1.23640e-01  4.41099e+00  0.00000e+00  4.73888e+00
  6.50008e+01  8.74012e-04  6.77122e+00  4.57618e-03  7.52538e+00  0.00000e+00  1.22798e-01  4.40742e+00  0.00000e+00  4.73492e+00
  6.55002e+01  8.75781e-04  6.76846e+00  3.42508e-03  7.52086e+00  0.00000e+00  1.21985e-01  4.40363e+00  0.00000e+00  4.73069e+00
  6.60001e+01  8.77827e-04  6.76539e+00  3.35940e-04  7.51743e+00  0.00000e+00  1.21418e-01  4.40117e+00  0.00000e+00  4.72791e+00
  6.65008e+01  8.78673e-04  6.76335e+00 -3.24863e-03  7.51690e+00  0.00000e+00  1.21134e-01  4.40146e+00  0.00000e+00  4.72802e+00
  6.70008e+01  8.78727e-04  6.76300e+00 -5.60858e-03  7.51954e+00  0.00000e+00  1.21080e-01  4.40440e+00  0.00000e+00  4.73091e+00
  6.75008e+01  8.78735e-04  6.76427e+00 -5.58426e-03  7.52407e+00  0.00000e+00  1.21104e-01  4.40864e+00  0.00000e+00  4.73511e+00
  6.80000e+01  8.78588e-04  6.76689e+00 -3.44209e-03  7.52866e+00  0.00000e+00  1.21066e-01  4.41214e+00  0.00000e+00  4.73856e+00
  6.85003e+01  8.76336e-04  6.77076e+00 -2.14409e-04  7.53247e+00  0.00000e+00  1.20852e-01  4.41418e+00  0.00000e+00  4.74040e+00
  6.90005e+01  8.74854e-04  6.77539e+00  3.07538e-03  7.53491e+00  0.00000e+00  1.20518e-01  4.41441e+00  0.00000e+00  4.74034e+00
  6.95004e+01  8.72516e-04  6.77962e+00  5.29306e-03  7.53555e+00  0.00000e+00  1.20253e-01  4.41298e+00  0.00000e+00  4.73867e+00
  7.00005e+01  8.69661e-04  6.78181e+00  5.75325e-03  7.53413e+00  0.00000e+00  1.20215e-01  4.41043e+00  0.00000e+00  4.73604e+00
  7.05008e+01  8.71344e-04  6.78095e+00  4.35846e-03  7.53091e+00  0.00000e+00  1.20439e-01  4.40753e+00  0.00000e+00  4.73323e+00
  7.10003e+01  8.74610e-04  6.77853e+00  1.71791e-03  7.52778e+00  0.00000e+00  1.20895e-01  4.40555e+00  0.00000e+00  4.73155e+00
  7.15000e+01  8.75231e-04  6.77614e+00 -8.61554e-04  7.52633e+00  0.00000e+00  1.21492e-01  4.40543e+00  0.00000e+00  4.73193e+00
  7.20001e+01  8.73339e-04  6.77433e+00 -2.23492e-03  7.52630e+00  0.00000e+00  1.22079e-01  4.40648e+00  0.00000e+00  4.73360e+00
  7.25004e+01  8.70039e-04  6.77329e+00 -2.31369e-03  7.52695e+00  0.00000e+00  1.22498e-01  4.40769e+00  0.00000e+00  4.73542e+00
  7.30004e+01  8.65507e-04  6.77299e+00 -1.62073e-03  7.52772e+00  0.00000e+00  1.22614e-01  4.40851e+00  0.00000e+00  4.73668e+00
  7.35008e+01  8.63735e-04  6.77313e+00 -6.38999e-04  7.52830e+00  0.00000e+00  1.22394e-01  4.40885e+00  0.00000e+00  4.73721e+00
  7.40008e+01  8.62399e-04  6.77326e+00 -9.53411e-05  7.52851e+00  0.00000e+00  1.21912e-01  4.40871e+00  0.00000e+00  4.73705e+00
  7.45005e+01  8.59915e-04  6.77282e+00  3.94607e-05  7.52848e+00  0.00000e+00  1.21258e-01  4.40871e+00  0.00000e+00  4.73686e+00
  7.50003e+01  8.55713e-04  6.77097e+00  1.00489e-06  7.52763e+00  0.00000e+00  1.20583e-01  4.40856e+00  0.00000e+00  4.73645e+00
  7.55002e+01  8.54856e-04  6.76695e+00 -2.76771e-04  7.52534e+00  0.00000e+00  1.19933e-01  4.40797e+00  0.00000e+00  4.73556e+00
  7.60003e+01  8.56486e-04  6.76224e+00 -5.84995e-04  7.52248e+00  0.00000e+00  1.19287e-01  4.40705e+00  0.00000e+00  4.73433e+00
  7.65002e+01  8.60126e-04  6.75796e+00 -1.09869e-03  7.51973e+00  0.00000e+00  1.18662e-01  4.40586e+00  0.00000e+00  4.73286e+00
  7.70003e+01  8.63439e-04  6.75498e+00 -2.00749e-03  7.51809e+00  0.00000e+00  1.18093e-01  4.40518e+00  0.00000e+00  4.73190e+00
  7.75005e+01  8.69387e-04  6.75392e+00 -2.84251e-03  7.51831e+00  0.00000e+00  1.17546e-01  4.40557e+00  0.00000e+00  4.73196e+00
  7.80008e+01  8.71542e-04  6.75477e+00 -3.39165e-03  7.52024e+00  0.00000e+00  1.17139e-01  4.40681e+00  0.00000e+00  4.73295e+00
  7.85000e+01  8.64964e-04  6.75710e+00 -3.33160e-03  7.52370e+00  0.00000e+00  1.16880e-01  4.40913e+00  0.00000e+00  4.73507e+00
  7.90002e+01  8.62276e-04  6.76067e+00 -2.15837e-03  7.52819e+00  0.00000e+00  1.16771e-01  4.41213e+00  0.00000e+00  4.73793e+00
  7.95001e+01  8.60023e-04  6.76516e+00  4.73360e-04  7.53281e+00  0.00000e+00  1.16769e-01  4.41512e+00  0.00000e+00  4.74081e+00
  8.00000e+01  8.59131e-04  6.76995e+00  4.39196e-03  7.53592e+00  0.00000e+00  1.16918e-01  4.41647e+00  0.00000e+00  4.74216e+00
  8.05008e+01  8.57142e-04  6.77359e+00  8.02836e-03  7.53571e+00  0.00000e+00  1.17250e-01  4.41479e+00  0.00000e+00  4.74062e+00
  8.10002e+01  8.56503e-04  6.77405e+00  9.47092e-03  7.53135e+00  0.00000e+00  1.17648e-01  4.41012e+00  0.00000e+00  4.73616e+00
  8.15005e+01  8.55732e-04  6.77155e+00  7.72217e-03  7.52458e+00  0.00000e+00  1.17968e-01  4.40421e+00  0.00000e+00  4.73044e+00
  8.20006e+01  8.52519e-04  6.76900e+00  3.42921e-03  7.51925e+00  0.00000e+00  1.18281e-01  4.39975e+00  0.00000e+00  4.72628e+00
  8.25002e+01  8.47938e-04  6.76728e+00 -1.93288e-03  7.51733e+00  0.00000e+00  1.18669e-01  4.39848e+00  0.00000e+00  4.72550e+00
  8.30003e+01  8.35936e-04  6.76619e+00 -6.48825e-03  7.51895e+00  0.00000e+00  1.19110e-01  4.40069e+00  0.00000e+00  4.72837e+00
  8.35003e+01  8.25064e-04  6.76555e+00 -8.64414e-03  7.52309e+00  0.00000e+00  1.19542e-01  4.40535e+00  0.00000e+00  4.73376e+00
  8.40005e+01  8.17586e-04  6.76517e+00 -7.51738e-03  7.52792e+00  0.00000e+00  1.19665e-01  4.41065e+00  0.00000e+00  4.73958e+00
  8.45004e+01  7.98145e-04  6.76478e+00 -3.69171e-03  7.53113e+00  0.00000e+00  1.19386e-01  4.41407e+00  0.00000e+00  4.74320e+00
  8.50005e+01  7.87248e-04  6.76390e+00  1.06424e-03  7.53134e+00  0.00000e+00  1.18651e-01  4.41448e+00  0.00000e+00  4.74340e+00
  8.55001e+01  7.97007e-04  6.76185e+00  4.68005e-03  7.52800e+00  0.00000e+00  1.17545e-01  4.41161e+00  0.00000e+00  4.73995e+00
  8.60008e+01  8.17341e-04  6.75798e+00  5.29979e-03  7.52187e+00  0.00000e+00  1.16359e-01  4.40656e+00  0.00000e+00  4.73419e+00
  8.65007e+01  8.36953e-04  6.75341e+00  2.69249e-03  7.51589e+00  0.00000e+00  1.15317e-01  4.40206e+00  0.00000e+00  4.72906e+00
  8.70005e+01  8.49986e-04  6.74929e+00 -1.84775e-03  7.51264e+00  0.00000e+00  1.14571e-01  4.40038e+00  0.00000e+00  4.72698e+00
  8.75001e+01  8.53624e-04  6.74633e+00 -6.01112e-03  7.51312e+00  0.00000e+00  1.14263e-01  4.40221e+00  0.00000e+00  4.72876e+00
  8.80004e+01  8.55386e-04  6.74490e+00 -7.47126e-03  7.51672e+00  0.00000e+00  1.14190e-01  4.40681e+00  0.00000e+00  4.73346e+00
  8.85000e+01  8.54497e-04  6.74526e+00 -5.67314e-03  7.52105e+00  0.00000e+00  1.14182e-01  4.41112e+00  0.00000e+00  4.73789e+00
  8.90007e+01  8.51885e-04  6.74724e+00 -1.88482e-03  7.52438e+00  0.00000e+00  1.14102e-01  4.41338e+00  0.00000e+00  4.74016e+00
  8.95006e+01  8.40951e-04  6.75067e+00  2.07672e-03  7.52637e+00  0.00000e+00  1.13948e-01  4.41355e+00  0.00000e+00  4.74018e+00
  9.00004e+01  8.30888e-04  6.75520e+00  5.26911e-03  7.52740e+00  0.00000e+00  1.13681e-01  4.41242e+00  0.00000e+00  4.73871e+00
  9.05003e+01  8.29901e-04  6.76029e+00  7.08912e-03  7.52758e+00  0.00000e+00  1.13496e-01  4.41026e+00  0.00000e+00  4.73618e+00
  9.10003e+01  8.36266e-04  6.76511e+00  6.86647e-03  7.52720e+00  0.00000e+00  1.13625e-01  4.40772e+00  0.00000e+00  4.73349e+00
  9.15006e+01  8.44355e-04  6.76779e+00  4.55799e-03  7.52623e+00  0.00000e+00  1.14047e-01  4.40571e+00  0.00000e+00  4.73162e+00
  9.20000e+01  8.57159e-04  6.76706e+00  9.28470e-04  7.52468e+00  0.00000e+00  1.14644e-01  4.40477e+00  0.00000e+00  4.73101e+00
  9.25003e+01  8.60162e-04  6.76475e+00 -2.43289e-03  7.52391e+00  0.00000e+00  1.15321e-01  4.40532e+00  0.00000e+00  4.73208e+00
  9.30003e+01  8.60733e-04  6.76324e+00 -4.27033e-03  7.52490e+00  0.00000e+00  1.15968e-01  4.40719e+00  0.00000e+00  4.73465e+00
  9.35008e+01  8.55450e-04  6.76280e+00 -4.28921e-03  7.52697e+00  0.00000e+00  1.16460e-01  4.40952e+00  0.00000e+00  4.73771e+00
  9.40000e+01  8.42765e-04  6.76300e+00 -2.79889e-03  7.52895e+00  0.00000e+00  1.16673e-01  4.41132e+00  0.00000e+00  4.74010e+00
  9.45000e+01  8.30393e-04  6.76337e+00 -5.05128e-04  7.52996e+00  0.00000e+00  1.16582e-01  4.41195e+00  0.00000e+00  4.74107e+00
  9.50006e+01  8.14171e-04  6.76355e+00  1.51423e-03  7.52975e+00  0.00000e+00  1.16096e-01  4.41141e+00  0.00000e+00  4.74049e+00
  9.55007e+01  8.02152e-04  6.76304e+00  2.61248e-03  7.52835e+00  0.00000e+00  1.15274e-01  4.40998e+00  0.00000e+00  4.73869e+00
  9.60007e+01  8.03478e-04  6.76112e+00  2.21392e-03  7.52562e+00  0.00000e+00  1.14332e-01  4.40770e+00  0.00000e+00  4.73588e+00
  9.65003e+01  8.16613e-04  6.75746e+00  1.75533e-04  7.52265e+00  0.00000e+00  1.13401e-01  4.40617e+00  0.00000e+00  4.73380e+00
  9.70007e+01  8.38272e-04  6.75376e+00 -2.23761e-03  7.52110e+00  0.00000e+00  1.12646e-01  4.40630e+00  0.00000e+00  4.73354e+00
  9.75007e+01  8.51649e-04  6.75049e+00 -4.06694e-03  7.52107e+00  0.00000e+00  1.12086e-01  4.40782e+00  0.00000e+00  4.73488e+00
  9.80001e+01  8.63187e-04  6.74778e+00 -4.66120e-03  7.52198e+00  0.00000e+00  1.11654e-01  4.41001e+00  0.00000e+00  4.73699e+00
  9.85003e+01  8.67406e-04  6.74631e+00 -3.58790e-03  7.52332e+00  0.00000e+00  1.11245e-01  4.41195e+00  0.00000e+00  4.73882e+00
  9.90002e+01  8.70871e-04  6.74671e+00 -1.64218e-03  7.52452e+00  0.00000e+00  1.10847e-01  4.41263e+00  0.00000e+00  4.73930e+00
  9.95002e+01  8.69864e-04  6.74887e+00 -4.16532e-05  7.52568e+00  0.00000e+00  1.10475e-01  4.41233e+00  0.00000e+00  4.73874e+00
  1.00000e+02  8.60270e-04  6.75250e+00  8.68568e-04  7.52747e+00  0.00000e+00  1.10237e-01  4.41217e+00  0.00000e+00  4.73832e+00
  1.00500e+02  8.46241e-04  6.75708e+00  1.54994e-03  7.53014e+00  0.00000e+00  1.10173e-01  4.41285e+00  0.00000e+00  4.73877e+00
  1.01000e+02  8.35964e-04  6.76182e+00  2.44787e-03  7.53286e+00  0.00000e+00  1.10347e-01  4.41369e+00  0.00000e+00  4.73954e+00
  1.01501e+02  8.33756e-04  6.76611e+00  3.47603e-03  7.53480e+00  0.00000e+00  1.10774e-01  4.41399e+00  0.00000e+00  4.73999e+00
  1.02000e+02  8.43769e-04  6.76872e+00  4.04333e-03  7.53506e+00  0.00000e+00  1.11336e-01  4.41338e+00  0.00000e+00  4.73971e+00
  1.02500e+02  8.54973e-04  6.76900e+00  3.64666e-03  7.53339e+00  0.00000e+00  1.11947e-01  4.41175e+00  0.00000e+00  4.73853e+00
  1.03000e+02  8.59495e-04  6.76763e+00  2.17699e-03  7.53088e+00  0.00000e+00  1.12519e-01  4.40991e+00  0.00000e+00  4.73720e+00
  1.03500e+02  8.60635e-04  6.76646e+00  4.20499e-04  7.52927e+00  0.00000e+00  1.13025e-01  4.40883e+00  0.00000e+00  4.73669e+00
  1.04000e+02  8.55344e-04  6.76603e+00 -1.16721e-03  7.52905e+00  0.00000e+00  1.13452e-01  4.40870e+00  0.00000e+00  4.73718e+00
  1.04500e+02  8.40543e-04  6.76595e+00 -2.26174e-03  7.52996e+00  0.00000e+00  1.13675e-01  4.40960e+00  0.00000e+00  4.73857e+00
  1.05000e+02  8.27659e-04  6.76564e+00 -2.51555e-03  7.53118e+00  0.00000e+00  1.13637e-01  4.41089e+00  0.00000e+00  4.74015e+00
  1.05501e+02  8.16252e-04  6.76487e+00 -2.16151e-03  7.53206e+00  0.00000e+00  1.13303e-01  4.41198e+00  0.00000e+00  4.74127e+00
  1.06000e+02  8.03348e-04  6.76361e+00 -1.37779e-03  7.53237e+00  0.00000e+00  1.12699e-01  4.41273e+00  0.00000e+00  4.74186e+00
  1.06500e+02  7.93663e-04  6.76153e+00 -5.40006e-04  7.53163e+00  0.00000e+00  1.11857e-01  4.41277e+00  0.00000e+00  4.74153e+00
  1.07000e+02  8.03678e-04  6.75816e+00 -2.32276e-04  7.52939e+00  0.00000e+00  1.10888e-01  4.41176e+00  0.00000e+00  4.74004e+00
  1.07501e+02  8.24273e-04  6.75452e+00 -7.74232e-04  7.52682e+00  0.00000e+00  1.09979e-01  4.41051e+00  0.00000e+00  4.73833e+00
  1.08000e+02  8.33728e-04  6.75138e+00 -2.18031e-03  7.52517e+00  0.00000e+00  1.09180e-01  4.41003e+00  0.00000e+00  4.73748e+00
  1.08500e+02  8.58860e-04  6.74921e+00 -3.62384e-03  7.52513e+00  0.00000e+00  1.08529e-01  4.41085e+00  0.00000e+00  4.73798e+00
  1.09000e+02  8.71696e-04  6.74849e+00 -4.22155e-03  7.52672e+00  0.00000e+00  1.08083e-01  4.41266e+00  0.00000e+00  4.73959e+00
  1.09500e+02  8.76332e-04  6.74948e+00 -3.55107e-03  7.52949e+00  0.00000e+00  1.07782e-01  4.41488e+00  0.00000e+00  4.74165e+00
  1.10001e+02  8.75980e-04  6.75197e+00 -1.89737e-03  7.53259e+00  0.00000e+00  1.07588e-01  4.41670e+00  0.00000e+00  4.74335e+00
  1.10500e+02  8.62121e-04  6.75565e+00  2.63867e-04  7.53559e+00  0.00000e+00  1.07512e-01  4.41792e+00  0.00000e+00  4.74448e+00
  1.11000e+02  8.46378e-04  6.76004e+00  2.71423e-03  7.53823e+00  0.00000e+00  1.07522e-01  4.41870e+00  0.00000e+00  4.74515e+00
  1.11500e+02  8.37901e-04  6.76456e+00  5.16261e-03  7.53968e+00  0.00000e+00  1.07686e-01  4.41827e+00  0.00000e+00  4.74468e+00
  1.12000e+02  8.38626e-04  6.76852e+00  6.62811e-03  7.53959e+00  0.00000e+00  1.07986e-01  4.41654e+00  0.00000e+00  4.74301e+00
  1.12501e+02  8.46487e-04  6.77078e+00  6.41881e-03  7.53781e+00  0.00000e+00  1.08394e-01  4.41388e+00  0.00000e+00  4.74051e+00
  1.13000e+02  8.58189e-04  6.77104e+00  4.28628e-03  7.53509e+00  0.00000e+00  1.08861e-01  4.41110e+00  0.00000e+00  4.73798e+00
  1.13500e+02  8.62026e-04  6.77006e+00  7.53528e-04  7.53289e+00  0.00000e+00  1.09381e-01  4.40931e+00  0.00000e+00  4.73656e+00
  1.14000e+02  8.62152e-04  6.76910e+00 -2.83189e-03  7.53274e+00  0.00000e+00  1.09968e-01  4.40965e+00  0.00000e+00  4.73745e+00
  1.14500e+02  8.54479e-04  6.76863e+00 -5.04593e-03  7.53478e+00  0.00000e+00  1.10591e-01  4.41206e+00  0.00000e+00  4.74058e+00
  1.15000e+02  8.39318e-04  6.76858e+00 -5.13983e-03  7.53785e+00  0.00000e+00  1.11091e-01  4.41531e+00  0.00000e+00  4.74453e+00
  1.15500e+02  8.27048e-04  6.76873e+00 -3.08418e-03  7.54058e+00  0.00000e+00  1.11214e-01  4.41809e+00  0.00000e+00  4.74774e+00
  1.16000e+02  8.16814e-04  6.76861e+00  7.92202e-05  7.54142e+00  0.00000e+00  1.10911e-01  4.41884e+00  0.00000e+00  4.74859e+00
  1.16501e+02  8.03562e-04  6.76779e+00  2.59151e-03  7.53994e+00  0.00000e+00  1.10157e-01  4.41738e+00  0.00000e+00  4.74683e+00
  1.17001e+02  7.98735e-04  6.76539e+00  3.34214e-03  7.53630e+00  0.00000e+00  1.09117e-01  4.41433e+00  0.00000e+00  4.74321e+00
  1.17500e+02  8.08228e-04  6.76167e+00  1.83817e-03  7.53183e+00  0.00000e+00  1.08043e-01  4.41102e+00  0.00000e+00  4.73926e+00
  1.18000e+02  8.28336e-04  6.75798e+00 -1.39497e-03  7.52895e+00  0.00000e+00  1.07126e-01  4.40954e+00  0.00000e+00  4.73724e+00
  1.18501e+02  8.33748e-04  6.75506e+00 -4.71768e-03  7.52877e+00  0.00000e+00  1.06481e-01  4.41069e+00  0.00000e+00  4.73809e+00
  1.19000e+02  8.59737e-04  6.75311e+00 -6.67298e-03  7.53086e+00  0.00000e+00  1.06085e-01  4.41379e+00  0.00000e+00  4.74108e+00
  1.19500e+02  8.75099e-04  6.75238e+00 -6.53343e-03  7.53418e+00  0.00000e+00  1.05815e-01  4.41747e+00  0.00000e+00  4.74476e+00
  1.20000e+02  8.78566e-04  6.75310e+00 -4.36302e-03  7.53763e+00  0.00000e+00  1.05535e-01  4.42050e+00  0.00000e+00  4.74774e+00
  1.20501e+02  8.78088e-04  6.75517e+00 -1.09386e-03  7.54031e+00  0.00000e+00  1.05229e-01  4.42202e+00  0.00000e+00  4.74911e+00
  1.21001e+02  8.66584e-04  6.75845e+00  2.22382e-03  7.54196e+00  0.00000e+00  1.04969e-01  4.42191e+00  0.00000e+00  4.74880e+00
  1.21501e+02  8.51669e-04  6.76248e+00  4.72017e-03  7.54277e+00  0.00000e+00  1.04853e-01  4.42076e+00  0.00000e+00  4.74745e+00
  1.22000e+02  8.44654e-04  6.76677e+00  6.08452e-03  7.54305e+00  0.00000e+00  1.04943e-01  4.41916e+00  0.00000e+00  4.74570e+00
  1.22500e+02  8.45180e-04  6.77070e+00  6.25939e-03  7.54282e+00  0.00000e+00  1.05237e-01  4.41734e+00  0.00000e+00  4.74388e+00
  1.23001e+02  8.45225e-04  6.77306e+00  5.00209e-03  7.54178e+00  0.00000e+00  1.05692e-01  4.41548e+00  0.00000e+00  4.74216e+00
  1.23500e+02  8.57740e-04  6.77340e+00  2.55064e-03  7.54029e+00  0.00000e+00  1.06193e-01  4.41408e+00  0.00000e+00  4.74099e+00
  1.24000e+02  8.69245e-04  6.77246e+00 -4.64426e-04  7.53910e+00  0.00000e+00  1.06775e-01  4.41340e+00  0.00000e+00  4.74072e+00
  1.24500e+02  8.70478e-04  6.77168e+00 -3.08474e-03  7.53948e+00  0.00000e+00  1.07413e-01  4.41420e+00  0.00000e+00  4.74213e+00
  1.25001e+02  8.65915e-04  6.77149e+00 -4.39477e-03  7.54143e+00  0.00000e+00  1.08011e-01  4.41635e+00  0.00000e+00  4.74499e+00
  1.25501e+02  8.51657e-04  6.77179e+00 -3.86158e-03  7.54405e+00  0.00000e+00  1.08397e-01  4.41894e+00  0.00000e+00  4.74817e+00
  1.26001e+02  8.38963e-04  6.77238e+00 -1.86192e-03  7.54608e+00  0.00000e+00  1.08493e-01  4.42065e+00  0.00000e+00  4.75027e+00
  1.26501e+02  8.26987e-04  6.77285e+00  5.98621e-04  7.54672e+00  0.00000e+00  1.08223e-01  4.42088e+00  0.00000e+00  4.75056e+00
  1.27000e+02  8.12686e-04  6.77267e+00  2.42016e-03  7.54567e+00  0.00000e+00  1.07584e-01  4.41960e+00  0.00000e+00  4.74899e+00
  1.27501e+02  8.04977e-04  6.77095e+00  2.66982e-03  7.54303e+00  0.00000e+00  1.06743e-01  4.41739e+00  0.00000e+00  4.74631e+00
  1.28001e+02  8.11067e-04  6.76765e+00  1.26938e-03  7.53970e+00  0.00000e+00  1.05834e-01  4.41526e+00  0.00000e+00  4.74363e+00
  1.28500e+02  8.29312e-04  6.76420e+00 -8.61801e-04  7.53735e+00  0.00000e+00  1.05040e-01  4.41435e+00  0.00000e+00  4.74228e+00
  1.29000e+02  8.38266e-04  6.76128e+00 -3.17669e-03  7.53652e+00  0.00000e+00  1.04407e-01  4.41476e+00  0.00000e+00  4.74243e+00
  1.29501e+02  8.54521e-04  6.75901e+00 -4.91704e-03  7.53729e+00  0.00000e+00  1.03856e-01  4.41657e+00  0.00000e+00  4.74406e+00
  1.30001e+02  8.77169e-04  6.75762e+00 -5.33071e-03  7.53901e+00  0.00000e+00  1.03414e-01  4.41881e+00  0.00000e+00  4.74619e+00
  1.30501e+02  8.80080e-04  6.75763e+00 -4.53493e-03  7.54139e+00  0.00000e+00  1.03061e-01  4.42099e+00  0.00000e+00  4.74829e+00
  1.31000e+02  8.79494e-04  6.75918e+00 -2.75112e-03  7.54409e+00  0.00000e+00  1.02789e-01  4.42278e+00  0.00000e+00  4.74999e+00
  1.31501e+02  8.73886e-04  6.76203e+00 -4.37514e-04  7.54668e+00  0.00000e+00  1.02646e-01  4.42388e+00  0.00000e+00  4.75102e+00
  1.32000e+02  8.58131e-04  6.76579e+00  2.05012e-03  7.54900e+00  0.00000e+00  1.02605e-01  4.42453e+00  0.00000e+00  4.75157e+00
  1.32500e+02  8.45933e-04  6.76991e+00  4.63415e-03  7.55046e+00  0.00000e+00  1.02680e-01  4.42432e+00  0.00000e+00  4.75126e+00
  1.33001e+02  8.43927e-04  6.77374e+00  6.46409e-03  7.55029e+00  0.00000e+00  1.02902e-01  4.42250e+00  0.00000e+00  4.74943e+00
  1.33500e+02  8.47677e-04  6.77616e+00  6.47755e-03  7.54848e+00  0.00000e+00  1.03191e-01  4.41963e+00  0.00000e+00  4.74659e+00
  1.34000e+02  8.43729e-04  6.77687e+00  4.42513e-03  7.54599e+00  0.00000e+00  1.03549e-01  4.41692e+00  0.00000e+00  4.74400e+00
  1.34501e+02  8.70884e-04  6.77643e+00  9.67683e-04  7.54415e+00  0.00000e+00  1.04016e-01  4.41535e+00  0.00000e+00  4.74274e+00
  1.35001e+02  8.75736e-04  6.77603e+00 -2.61485e-03  7.54425e+00  0.00000e+00  1.04597e-01  4.41571e+00  0.00000e+00  4.74364e+00
  1.35501e+02  8.73858e-04  6.77615e+00 -4.97602e-03  7.54655e+00  0.00000e+00  1.05215e-01  4.41813e+00  0.00000e+00  4.74676e+00
  1.36001e+02  8.61974e-04  6.77670e+00 -5.19740e-03  7.54994e+00  0.00000e+00  1.05736e-01  4.42145e+00  0.00000e+00  4.75077e+00
  1.36501e+02  8.48352e-04  6.77748e+00 -3.41323e-03  7.55302e+00  0.00000e+00  1.06008e-01  4.42422e+00  0.00000e+00  4.75405e+00
  1.37001e+02  8.40298e-04  6.77824e+00 -4.41391e-04  7.55475e+00  0.00000e+00  1.05889e-01  4.42556e+00  0.00000e+00  4.75556e+00
  1.37500e+02  8.27447e-04  6.77860e+00  2.46409e-03  7.55440e+00  0.00000e+00  1.05401e-01  4.42480e+00  0.00000e+00  4.75463e+00
  1.38000e+02  8.16312e-04  6.77811e+00  3.98120e-03  7.55210e+00  0.00000e+00  1.04602e-01  4.42231e+00  0.00000e+00  4.75171e+00
  1.38500e+02  8.20040e-04  6.77601e+00  3.31895e-03  7.54852e+00  0.00000e+00  1.03634e-01  4.41931e+00  0.00000e+00  4.74810e+00
  1.39000e+02  8.32592e-04  6.77280e+00  8.41919e-04  7.54505e+00  0.00000e+00  1.02738e-01  4.41698e+00  0.00000e+00  4.74521e+00
  1.39501e+02  8.42522e-04  6.76973e+00 -2.60662e-03  7.54341e+00  0.00000e+00  1.02063e-01  4.41657e+00  0.00000e+00  4.74447e+00
  1.40001e+02  8.55175e-04  6.76724e+00 -5.62836e-03  7.54426e+00  0.00000e+00  1.01601e-01  4.41865e+00  0.00000e+00  4.74641e+00
  1.40501e+02  8.81551e-04  6.76551e+00 -6.80935e-03  7.54678e+00  0.00000e+00  1.01342e-01  4.42208e+00  0.00000e+00  4.74987e+00
  1.41001e+02  8.85549e-04  6.76489e+00 -5.67549e-03  7.54991e+00  0.00000e+00  1.01146e-01  4.42555e+00  0.00000e+00  4.75341e+00
  1.41500e+02  8.86683e-04  6.76566e+00 -2.86707e-03  7.55255e+00  0.00000e+00  1.00928e-01  4.42771e+00  0.00000e+00  4.75558e+00
  1.42000e+02  8.83682e-04  6.76783e+00  4.48036e-04  7.55421e+00  0.00000e+00  1.00631e-01  4.42807e+00  0.00000e+00  4.75581e+00
  1.42501e+02  8.69356e-04  6.77108e+00  3.11702e-03  7.55502e+00  0.00000e+00  1.00354e-01  4.42712e+00  0.00000e+00  4.75462e+00
  1.43000e+02  8.58643e-04  6.77496e+00  4.69003e-03  7.55548e+00  0.00000e+00  1.00235e-01  4.42573e+00  0.00000e+00  4.75301e+00
  1.43501e+02  8.53963e-04  6.77879e+00  5.18322e-03  7.55566e+00  0.00000e+00  1.00361e-01  4.42428e+00  0.00000e+00  4.75146e+00
  1.44000e+02  8.54484e-04  6.78148e+00  4.54475e-03  7.55518e+00  0.00000e+00  1.00696e-01  4.42277e+00  0.00000e+00  4.75001e+00
  1.44500e+02  8.50300e-04  6.78242e+00  2.81585e-03  7.55415e+00  0.00000e+00  1.01169e-01  4.42157e+00  0.00000e+00  4.74900e+00
  1.45001e+02  8.74616e-04  6.78201e+00  4.56030e-04  7.55324e+00  0.00000e+00  1.01688e-01  4.42110e+00  0.00000e+00  4.74883e+00
  1.45500e+02  8.83927e-04  6.78155e+00 -1.65270e-03  7.55330e+00  0.00000e+00  1.02236e-01  4.42152e+00  0.00000e+00  4.74972e+00
  1.46001e+02  8.85179e-04  6.78159e+00 -2.86455e-03  7.55452e+00  0.00000e+00  1.02802e-01  4.42282e+00  0.00000e+00  4.75164e+00
  1.46501e+02  8.81279e-04  6.78212e+00 -2.97123e-03  7.55639e+00  0.00000e+00  1.03253e-01  4.42447e+00  0.00000e+00  4.75392e+00
  1.47000e+02  8.68656e-04  6.78295e+00 -1.99463e-03  7.55823e+00  0.00000e+00  1.03468e-01  4.42588e+00  0.00000e+00  4.75578e+00
  1.47500e+02  8.53224e-04  6.78389e+00 -4.01105e-04  7.55942e+00  0.00000e+00  1.03404e-01  4.42647e+00  0.00000e+00  4.75658e+00
  1.48000e+02  8.38886e-04  6.78458e+00  1.00048e-03  7.55965e+00  0.00000e+00  1.03060e-01  4.42615e+00  0.00000e+00  4.75620e+00
  1.48501e+02  8.27414e-04  6.78460e+00  1.64884e-03  7.55900e+00  0.00000e+00  1.02492e-01  4.42525e+00  0.00000e+00  4.75504e+00
  1.49000e+02  8.25454e-04  6.78319e+00  1.36667e-03  7.55745e+00  0.00000e+00  1.01815e-01  4.42418e+00  0.00000e+00  4.75360e+00
  1.49500e+02  8.35473e-04  6.78032e+00  2.80140e-04  7.55530e+00  0.00000e+00  1.01094e-01  4.42321e+00  0.00000e+00  4.75221e+00
  1.50000e+02  8.49970e-04  6.77728e+00 -1.06826e-03  7.55364e+00  0.00000e+00  1.00399e-01  4.42287e+00  0.00000e+00  4.75151e+00
  1.50501e+02  8.53210e-04  6.77463e+00 -2.52970e-03  7.55275e+00  0.00000e+00  9.97807e-02  4.42303e+00  0.00000e+00  4.75142e+00
  1.51001e+02  8.82425e-04  6.77250e+00 -3.86479e-03  7.55284e+00  0.00000e+00  9.92758e-02  4.42393e+00  0.00000e+00  4.75216e+00
  1.51501e+02  8.90323e-04  6.77122e+00 -4.40656e-03  7.55401e+00  0.00000e+00  9.88765e-02  4.42556e+00  0.00000e+00  4.75368e+00
  1.52000e+02  8.91468e-04  6.77124e+00 -3.88443e-03  7.55601e+00  0.00000e+00  9.85834e-02  4.42740e+00  0.00000e+00  4.75545e+00
  1.52501e+02  8.89062e-04  6.77269e+00 -2.50671e-03  7.55846e+00  0.00000e+00  9.83677e-02  4.42901e+00  0.00000e+00  4.75700e+00
  1.53000e+02  8.78564e-04  6.77544e+00 -5.35715e-04  7.56108e+00  0.00000e+00  9.82663e-02  4.43029e+00  0.00000e+00  4.75823e+00
  1.53501e+02  8.66040e-04  6.77898e+00  1.86731e-03  7.56340e+00  0.00000e+00  9.82662e-02  4.43110e+00  0.00000e+00  4.75898e+00
  1.54000e+02  8.56411e-04  6.78273e+00  4.31375e-03  7.56465e+00  0.00000e+00  9.83889e-02  4.43080e+00  0.00000e+00  4.75866e+00
  1.54500e+02  8.50823e-04  6.78567e+00  5.92923e-03  7.56416e+00  0.00000e+00  9.85946e-02  4.42909e+00  0.00000e+00  4.75697e+00
  1.55000e+02  8.56467e-04  6.78691e+00  5.98734e-03  7.56187e+00  0.00000e+00  9.88651e-02  4.42632e+00  0.00000e+00  4.75426e+00
  1.55500e+02  8.57254e-04  6.78659e+00  4.07438e-03  7.55884e+00  0.00000e+00  9.91999e-02  4.42348e+00  0.00000e+00  4.75156e+00
  1.56000e+02  8.82425e-04  6.78603e+00  9.19340e-04  7.55698e+00  0.00000e+00  9.96036e-02  4.42194e+00  0.00000e+00  4.75030e+00
  1.56501e+02  8.84726e-04  6.78596e+00 -2.27594e-03  7.55719e+00  0.00000e+00  1.00113e-01  4.42223e+00  0.00000e+00  4.75109e+00
  1.57001e+02  8.82029e-04  6.78637e+00 -4.52884e-03  7.55934e+00  0.00000e+00  1.00660e-01  4.42429e+00  0.00000e+00  4.75381e+00
  1.57500e+02  8.71195e-04  6.78704e+00 -5.00456e-03  7.56260e+00  0.00000e+00  1.01106e-01  4.42738e+00  0.00000e+00  4.75753e+00
  1.58000e+02  8.58401e-04  6.78782e+00 -3.51080e-03  7.56575e+00  0.00000e+00  1.01331e-01  4.43028e+00  0.00000e+00  4.76089e+00
  1.58500e+02  8.44744e-04  6.78854e+00 -6.89782e-04  7.56766e+00  0.00000e+00  1.01209e-01  4.43189e+00  0.00000e+00  4.76266e+00
  1.59000e+02  8.33358e-04  6.78890e+00  2.30904e-03  7.56751e+00  0.00000e+00  1.00702e-01  4.43137e+00  0.00000e+00  4.76198e+00
  1.59501e+02  8.29620e-04  6.78849e+00  3.98140e-03  7.56516e+00  0.00000e+00  9.98857e-02  4.42876e+00  0.00000e+00  4.75891e+00
  1.60001e+02  8.37910e-04  6.78658e+00  3.15345e-03  7.56155e+00  0.00000e+00  9.89419e-02  4.42555e+00  0.00000e+00  4.75510e+00
  1.60500e+02  8.49437e-04  6.78357e+00  5.18770e-04  7.55834e+00  0.00000e+00  9.81171e-02  4.42343e+00  0.00000e+00  4.75246e+00
  1.61001e+02  8.46260e-04  6.78049e+00 -2.94312e-03  7.55695e+00  0.00000e+00  9.75450e-02  4.42334e+00  0.00000e+00  4.75208e+00
  1.61500e+02  8.68609e-04  6.77785e+00 -5.68743e-03  7.55784e+00  0.00000e+00  9.72245e-02  4.42558e+00  0.00000e+00  4.75426e+00
  1.62000e+02  8.93935e-04  6.77605e+00 -6.36440e-03  7.56022e+00  0.00000e+00  9.70593e-02  4.42895e+00  0.00000e+00  4.75770e+00
  1.62500e+02  8.96047e-04  6.77551e+00 -4.82491e-03  7.56285e+00  0.00000e+00  9.68673e-02  4.43180e+00  0.00000e+00  4.76062e+00
  1.63001e+02  8.94382e-04  6.77642e+00 -2.20094e-03  7.56485e+00  0.00000e+00  9.66159e-02  4.43310e+00  0.00000e+00  4.76190e+00
  1.63501e+02  8.86825e-04  6.77873e+00  4.30295e-04  7.56636e+00  0.00000e+00  9.63578e-02  4.43323e+00  0.00000e+00  4.76195e+00
  1.64000e+02  8.73846e-04  6.78208e+00  2.58866e-03  7.56766e+00  0.00000e+00  9.61742e-02  4.43288e+00  0.00000e+00  4.76146e+00
  1.64500e+02  8.61005e-04  6.78587e+00  4.28357e-03  7.56866e+00  0.00000e+00  9.61403e-02  4.43225e+00  0.00000e+00  4.76072e+00
  1.65000e+02  8.50735e-04  6.78927e+00  5.27432e-03  7.56876e+00  0.00000e+00  9.63123e-02  4.43097e+00  0.00000e+00  4.75941e+00
  1.65501e+02  8.54602e-04  6.79110e+00  5.09530e-03  7.56746e+00  0.00000e+00  9.66234e-02  4.42897e+00  0.00000e+00  4.75747e+00
  1.66000e+02  8.55195e-04  6.79117e+00  3.36516e-03  7.56535e+00  0.00000e+00  9.70301e-02  4.42696e+00  0.00000e+00  4.75560e+00
  1.66500e+02  8.78894e-04  6.79046e+00  7.48564e-04  7.56394e+00  0.00000e+00  9.74668e-02  4.42611e+00  0.00000e+00  4.75500e+00
  1.67000e+02  8.85936e-04  6.79009e+00 -1.65525e-03  7.56398e+00  0.00000e+00  9.79429e-02  4.42646e+00  0.00000e+00  4.75578e+00
  1.67500e+02  8.86980e-04  6.79031e+00 -3.19966e-03  7.56541e+00  0.00000e+00  9.84268e-02  4.42785e+00  0.00000e+00  4.75777e+00
  1.68001e+02  8.81371e-04  6.79096e+00 -3.62832e-03  7.56765e+00  0.00000e+00  9.87799e-02  4.42980e+00  0.00000e+00  4.76030e+00
  1.68501e+02  8.68259e-04  6.79186e+00 -2.76445e-03  7.57000e+00  0.00000e+00  9.88960e-02  4.43170e+00  0.00000e+00  4.76259e+00
  1.69000e+02  8.49609e-04  6.79281e+00 -1.06093e-03  7.57167e+00  0.00000e+00  9.87903e-02  4.43281e+00  0.00000e+00  4.76389e+00
  1.69501e+02  8.35989e-04  6.79350e+00  7.28661e-04  7.57230e+00  0.00000e+00  9.84401e-02  4.43299e+00  0.00000e+00  4.76400e+00
  1.70000e+02  8.31371e-04  6.79357e+00  2.07473e-03  7.57163e+00  0.00000e+00  9.78789e-02  4.43207e+00  0.00000e+00  4.76281e+00
  1.70500e+02  8.38680e-04  6.79233e+00  2.15445e-03  7.56959e+00  0.00000e+00  9.71834e-02  4.43033e+00  0.00000e+00  4.76064e+00
  1.71001e+02  8.50274e-04  6.78969e+00  9.15014e-04  7.56698e+00  0.00000e+00  9.64421e-02  4.42872e+00  0.00000e+00  4.75856e+00
  1.71501e+02  8.41331e-04  6.78683e+00 -1.00515e-03  7.56507e+00  0.00000e+00  9.58052e-02  4.42799e+00  0.00000e+00  4.75748e+00
  1.72001e+02  8.57207e-04  6.78426e+00 -3.17503e-03  7.56443e+00  0.00000e+00  9.53256e-02  4.42842e+00  0.00000e+00  4.75774e+00
  1.72500e+02  8.97118e-04  6.78223e+00 -4.65939e-03  7.56522e+00  0.00000e+00  9.49836e-02  4.43013e+00  0.00000e+00  4.75940e+00
  1.73000e+02  9.00148e-04  6.78116e+00 -4.74445e-03  7.56693e+00  0.00000e+00  9.47486e-02  4.43226e+00  0.00000e+00  4.76156e+00
  1.73500e+02  8.99589e-04  6.78141e+00 -3.57970e-03  7.56912e+00  0.00000e+00  9.45480e-02  4.43420e+00  0.00000e+00  4.76352e+00
  1.74001e+02  8.93995e-04  6.78308e+00 -1.52539e-03  7.57134e+00  0.00000e+00  9.43882e-02  4.43547e+00  0.00000e+00  4.76479e+00
  1.74500e+02  8.83113e-04  6.78598e+00  7.42472e-04  7.57334e+00  0.00000e+00  9.42971e-02  4.43600e+00  0.00000e+00  4.76529e+00
  1.75001e+02  8.73137e-04  6.78956e+00  2.95507e-03  7.57499e+00  0.00000e+00  9.42429e-02  4.43610e+00  0.00000e+00  4.76530e+00
  1.75501e+02  8.60833e-04  6.79300e+00  4.85623e-03  7.57553e+00  0.00000e+00  9.43152e-02  4.43521e+00  0.00000e+00  4.76434e+00
  1.76000e+02  8.52025e-04  6.79514e+00  5.57027e-03  7.57434e+00  0.00000e+00  9.45047e-02  4.43311e+00  0.00000e+00  4.76223e+00
  1.76501e+02  8.47827e-04  6.79567e+00  4.64223e-03  7.57202e+00  0.00000e+00  9.47801e-02  4.43063e+00  0.00000e+00  4.75981e+00
  1.77001e+02  8.56187e-04  6.79515e+00  2.28502e-03  7.56987e+00  0.00000e+00  9.51215e-02  4.42889e+00  0.00000e+00  4.75822e+00
  1.77500e+02  8.90288e-04  6.79478e+00 -6.40281e-04  7.56913e+00  0.00000e+00  9.55285e-02  4.42840e+00  0.00000e+00  4.75806e+00
  1.78001e+02  8.95011e-04  6.79493e+00 -3.07061e-03  7.57031e+00  0.00000e+00  9.59868e-02  4.42964e+00  0.00000e+00  4.75981e+00
  1.78500e+02  8.94163e-04  6.79548e+00 -4.18975e-03  7.57281e+00  0.00000e+00  9.64254e-02  4.43203e+00  0.00000e+00  4.76279e+00
  1.79000e+02  8.85055e-04  6.79623e+00 -3.62182e-03  7.57561e+00  0.00000e+00  9.67210e-02  4.43456e+00  0.00000e+00  4.76583e+00
  1.79500e+02  8.65299e-04  6.79710e+00 -1.68288e-03  7.57774e+00  0.00000e+00  9.67757e-02  4.43626e+00  0.00000e+00  4.76784e+00
  1.80000e+02  8.48515e-04  6.79792e+00  7.92253e-04  7.57853e+00  0.00000e+00  9.64994e-02  4.43653e+00  0.00000e+00  4.76811e+00
  1.80501e+02  8.33767e-04  6.79837e+00  2.55705e-03  7.57765e+00  0.00000e+00  9.59410e-02  4.43507e+00  0.00000e+00  4.76639e+00
  1.81000e+02  8.30908e-04  6.79799e+00  2.70528e-03  7.57572e+00  0.00000e+00  9.52035e-02  4.43294e+00  0.00000e+00  4.76382e+00
  1.81501e+02  8.42714e-04  6.79615e+00  1.16928e-03  7.57335e+00  0.00000e+00  9.44893e-02  4.43116e+00  0.00000e+00  4.76159e+00
  1.82001e+02  8.58521e-04  6.79342e+00 -1.06602e-03  7.57164e+00  0.00000e+00  9.39394e-02  4.43064e+00  0.00000e+00  4.76075e+00
  1.82501e+02  8.62741e-04  6.79072e+00 -3.21626e-03  7.57118e+00  0.00000e+00  9.35323e-02  4.43143e+00  0.00000e+00  4.76139e+00
  1.83000e+02  8.89516e-04  6.78845e+00 -4.53717e-03  7.57187e+00  0.00000e+00  9.32569e-02  4.43321e+00  0.00000e+00  4.76316e+00
  1.83501e+02  8.95933e-04  6.78701e+00 -4.49402e-03  7.57327e+00  0.00000e+00  9.29894e-02  4.43521e+00  0.00000e+00  4.76516e+00
  1.84000e+02  8.98602e-04  6.78683e+00 -3.29593e-03  7.57492e+00  0.00000e+00  9.27126e-02  4.43679e+00  0.00000e+00  4.76671e+00
  1.84501e+02  8.95990e-04  6.78806e+00 -1.56653e-03  7.57658e+00  0.00000e+00  9.24660e-02  4.43761e+00  0.00000e+00  4.76749e+00
  1.85001e+02  8.90181e-04  6.79054e+00  1.37767e-04  7.57833e+00  0.00000e+00  9.23104e-02  4.43803e+00  0.00000e+00  4.76787e+00
  1.85501e+02  8.80175e-04  6.79386e+00  1.83001e-03  7.58022e+00  0.00000e+00  9.22607e-02  4.43844e+00  0.00000e+00  4.76823e+00
  1.86000e+02  8.73174e-04  6.79726e+00  3.61437e-03  7.58153e+00  0.00000e+00  9.23317e-02  4.43839e+00  0.00000e+00  4.76815e+00
  1.86500e+02  8.63574e-04  6.79962e+00  4.88668e-03  7.58116e+00  0.00000e+00  9.25062e-02  4.43708e+00  0.00000e+00  4.76683e+00
  1.87000e+02  8.47007e-04  6.80041e+00  4.82406e-03  7.57917e+00  0.00000e+00  9.27464e-02  4.43478e+00  0.00000e+00  4.76456e+00
  1.87500e+02  8.45880e-04  6.79997e+00  3.18898e-03  7.57681e+00  0.00000e+00  9.30244e-02  4.43277e+00  0.00000e+00  4.76262e+00
  1.88001e+02  8.81044e-04  6.79947e+00  7.83883e-04  7.57544e+00  0.00000e+00  9.33621e-02  4.43175e+00  0.00000e+00  4.76183e+00
  1.88501e+02  9.00712e-04  6.79944e+00 -1.63868e-03  7.57559e+00  0.00000e+00  9.37546e-02  4.43196e+00  0.00000e+00  4.76245e+00
  1.89001e+02  9.01122e-04  6.79990e+00 -3.34964e-03  7.57727e+00  0.00000e+00  9.41489e-02  4.43351e+00  0.00000e+00  4.76452e+00
  1.89501e+02  8.94268e-04  6.80064e+00 -3.77759e-03  7.57982e+00  0.00000e+00  9.44593e-02  4.43578e+00  0.00000e+00  4.76729e+00
  1.90001e+02  8.77308e-04  6.80151e+00 -2.73232e-03  7.58237e+00  0.00000e+00  9.45972e-02  4.43796e+00  0.00000e+00  4.76984e+00
  1.90500e+02  8.61271e-04  6.80237e+00 -6.93699e-04  7.58400e+00  0.00000e+00  9.44900e-02  4.43915e+00  0.00000e+00  4.77116e+00
  1.91001e+02  8.45958e-04  6.80299e+00  1.43920e-03  7.58420e+00  0.00000e+00  9.41124e-02  4.43886e+00  0.00000e+00  4.77077e+00
  1.91501e+02  8.36137e-04  6.80305e+00  2.68195e-03  7.58294e+00  0.00000e+00  9.35050e-02  4.43727e+00  0.00000e+00  4.76884e+00
  1.92001e+02  8.40313e-04  6.80199e+00  2.23285e-03  7.58063e+00  0.00000e+00  9.27894e-02  4.43511e+00  0.00000e+00  4.76622e+00
  1.92501e+02  8.53151e-04  6.79972e+00  4.01373e-04  7.57825e+00  0.00000e+00  9.21291e-02  4.43353e+00  0.00000e+00  4.76423e+00
  1.93001e+02  8.70747e-04  6.79710e+00 -2.16503e-03  7.57698e+00  0.00000e+00  9.16486e-02  4.43335e+00  0.00000e+00  4.76382e+00
  1.93500e+02  8.83981e-04  6.79472e+00 -4.27265e-03  7.57737e+00  0.00000e+00  9.13611e-02  4.43493e+00  0.00000e+00  4.76535e+00
  1.94000e+02  8.91789e-04  6.79296e+00 -4.87686e-03  7.57885e+00  0.00000e+00  9.11855e-02  4.43731e+00  0.00000e+00  4.76778e+00
  1.94500e+02  8.95360e-04  6.79223e+00 -3.93735e-03  7.58064e+00  0.00000e+00  9.09954e-02  4.43938e+00  0.00000e+00  4.76990e+00
  1.95000e+02  8.95627e-04  6.79281e+00 -2.04502e-03  7.58227e+00  0.00000e+00  9.07376e-02  4.44055e+00  0.00000e+00  4.77104e+00
  1.95501e+02  8.91280e-04  6.79470e+00 -9.91233e-05  7.58356e+00  0.00000e+00  9.05175e-02  4.44064e+00  0.00000e+00  4.77108e+00
  1.96000e+02  8.83438e-04  6.79763e+00  1.39208e-03  7.58501e+00  0.00000e+00  9.03683e-02  4.44059e+00  0.00000e+00  4.77095e+00
  1.96501e+02  8.74775e-04  6.80098e+00  2.77301e-03  7.58650e+00  0.00000e+00  9.03499e-02  4.44070e+00  0.00000e+00  4.77099e+00
  1.97000e+02  8.71387e-04  6.80363e+00  3.98575e-03  7.58695e+00  0.00000e+00  9.04969e-02  4.44014e+00  0.00000e+00  4.77043e+00
  1.97501e+02  8.63279e-04  6.80474e+00  4.43887e-03  7.58572e+00  0.00000e+00  9.07520e-02  4.43852e+00  0.00000e+00  4.76886e+00
  1.98000e+02  8.54923e-04  6.80450e+00  3.59697e-03  7.58352e+00  0.00000e+00  9.10325e-02  4.43655e+00  0.00000e+00  4.76695e+00
  1.98500e+02  8.75431e-04  6.80396e+00  1.76936e-03  7.58179e+00  0.00000e+00  9.13331e-02  4.43521e+00  0.00000e+00  4.76575e+00
  1.99000e+02  9.04083e-04  6.80381e+00 -4.09235e-04  7.58128e+00  0.00000e+00  9.16558e-02  4.43484e+00  0.00000e+00  4.76568e+00
  1.99500e+02  9.06343e-04  6.80415e+00 -2.21738e-03  7.58223e+00  0.00000e+00  9.19933e-02  4.43573e+00  0.00000e+00  4.76699e+00
  2.00000e+02  9.01678e-04  6.80482e+00 -3.14792e-03  7.58414e+00  0.00000e+00  9.22759e-02  4.43734e+00  0.00000e+00  4.76906e+00
  2.00500e+02  8.91130e-04  6.80568e+00 -3.02224e-03  7.58644e+00  0.00000e+00  9.24251e-02  4.43923e+00  0.00000e+00  4.77132e+00
  2.01001e+02  8.76657e-04  6.80661e+00 -1.87093e-03  7.58847e+00  0.00000e+00  9.24125e-02  4.44079e+00  0.00000e+00  4.77309e+00
  2.01500e+02  8.65467e-04  6.80741e+00 -1.29534e-04  7.58964e+00  0.00000e+00  9.22028e-02  4.44150e+00  0.00000e+00  4.77382e+00
  2.02000e+02  8.57874e-04  6.80779e+00  1.47140e-03  7.58953e+00  0.00000e+00  9.17823e-02  4.44102e+00  0.00000e+00  4.77317e+00
  2.02501e+02  8.51881e-04  6.80739e+00  2.08402e-03  7.58818e+00  0.00000e+00  9.11904e-02  4.43959e+00  0.00000e+00  4.77139e+00
  2.03001e+02  8.56607e-04  6.80574e+00  1.44551e-03  7.58601e+00  0.00000e+00  9.05456e-02  4.43794e+00  0.00000e+00  4.76934e+00
  2.03500e+02  8.68333e-04  6.80337e+00 -2.22808e-04  7.58401e+00  0.00000e+00  8.99903e-02  4.43685e+00  0.00000e+00  4.76793e+00
  2.04001e+02  8.81922e-04  6.80101e+00 -2.30746e-03  7.58310e+00  0.00000e+00  8.95704e-02  4.43695e+00  0.00000e+00  4.76785e+00
  2.04500e+02  8.89602e-04  6.79901e+00 -3.89908e-03  7.58346e+00  0.00000e+00  8.92913e-02  4.43822e+00  0.00000e+00  4.76908e+00
  2.05000e+02  8.94581e-04  6.79779e+00 -4.33994e-03  7.58481e+00  0.00000e+00  8.90972e-02  4.44009e+00  0.00000e+00  4.77098e+00
  2.05500e+02  8.99098e-04  6.79774e+00 -3.63371e-03  7.58681e+00  0.00000e+00  8.89411e-02  4.44205e+00  0.00000e+00  4.77299e+00
  2.06001e+02  8.98559e-04  6.79899e+00 -1.91162e-03  7.58896e+00  0.00000e+00  8.88069e-02  4.44352e+00  0.00000e+00  4.77449e+00
  2.06500e+02  8.90087e-04  6.80139e+00  1.89388e-04  7.59087e+00  0.00000e+00  8.87140e-02  4.44419e+00  0.00000e+00  4.77518e+00
  2.07001e+02  8.80425e-04  6.80445e+00  2.24370e-03  7.59240e+00  0.00000e+00  8.86402e-02  4.44432e+00  0.00000e+00  4.77525e+00
  2.07500e+02  8.71825e-04  6.80727e+00  4.04922e-03  7.59293e+00  0.00000e+00  8.86385e-02  4.44367e+00  0.00000e+00  4.77452e+00
  2.08001e+02  8.68666e-04  6.80875e+00  4.96180e-03  7.59168e+00  0.00000e+00  8.87477e-02  4.44178e+00  0.00000e+00  4.77258e+00
  2.08500e+02  8.72937e-04  6.80887e+00  4.39162e-03  7.58934e+00  0.00000e+00  8.89309e-02  4.43944e+00  0.00000e+00  4.77021e+00
  2.09001e+02  8.83741e-04  6.80838e+00  2.54947e-03  7.58718e+00  0.00000e+00  8.91867e-02  4.43760e+00  0.00000e+00  4.76844e+00
  2.09500e+02  8.98075e-04  6.80814e+00  1.84141e-05  7.58632e+00  0.00000e+00  8.95202e-02  4.43694e+00  0.00000e+00  4.76802e+00
  2.10000e+02  9.03941e-04  6.80835e+00 -2.25597e-03  7.58721e+00  0.00000e+00  8.99073e-02  4.43788e+00  0.00000e+00  4.76936e+00
  2.10500e+02  9.03748e-04  6.80889e+00 -3.41625e-03  7.58935e+00  0.00000e+00  9.02727e-02  4.43994e+00  0.00000e+00  4.77191e+00
  2.11000e+02  8.97971e-04  6.80960e+00 -3.12254e-03  7.59188e+00  0.00000e+00  9.05134e-02  4.44229e+00  0.00000e+00  4.77468e+00
  2.11501e+02  8.86206e-04  6.81044e+00 -1.54442e-03  7.59380e+00  0.00000e+00  9.05555e-02  4.44382e+00  0.00000e+00  4.77648e+00
  2.12001e+02  8.76973e-04  6.81130e+00  4.04033e-04  7.59448e+00  0.00000e+00  9.03395e-02  4.44387e+00  0.00000e+00  4.77655e+00
  2.12500e+02  8.70220e-04  6.81196e+00  1.64114e-03  7.59401e+00  0.00000e+00  8.98940e-02  4.44275e+00  0.00000e+00  4.77523e+00
  2.13001e+02  8.72464e-04  6.81209e+00  1.61257e-03  7.59299e+00  0.00000e+00  8.93553e-02  4.44137e+00  0.00000e+00  4.77354e+00
  2.13500e+02  8.62850e-04  6.81122e+00  6.53688e-04  7.59186e+00  0.00000e+00  8.88310e-02  4.44051e+00  0.00000e+00  4.77235e+00
  2.14001e+02  8.52947e-04  6.80924e+00 -7.88871e-04  7.59081e+00  0.00000e+00  8.84137e-02  4.44036e+00  0.00000e+00  4.77199e+00
  2.14501e+02  8.68749e-04  6.80687e+00 -2.14551e-03  7.59027e+00  0.00000e+00  8.80815e-02  4.44097e+00  0.00000e+00  4.77247e+00
  2.15001e+02  9.12399e-04  6.80470e+00 -2.93301e-03  7.59029e+00  0.00000e+00  8.77905e-02  4.44200e+00  0.00000e+00  4.77345e+00
  2.15500e+02  9.22153e-04  6.80315e+00 -2.95480e-03  7.59069e+00  0.00000e+00  8.74866e-02  4.44300e+00  0.00000e+00  4.77440e+00
  2.16001e+02  9.20297e-04  6.80260e+00 -2.53351e-03  7.59138e+00  0.00000e+00  8.71839e-02  4.44373e+00  0.00000e+00  4.77506e+00
  2.16500e+02  9.14386e-04  6.80327e+00 -1.85293e-03  7.59259e+00  0.00000e+00  8.69367e-02  4.44439e+00  0.00000e+00  4.77568e+00
  2.17001e+02  9.05923e-04  6.80509e+00 -9.75194e-04  7.59433e+00  0.00000e+00  8.68281e-02  4.44513e+00  0.00000e+00  4.77644e+00
  2.17501e+02  8.95615e-04  6.80773e+00  2.32927e-04  7.59650e+00  0.00000e+00  8.68239e-02  4.44613e+00  0.00000e+00  4.77746e+00
  2.18001e+02  8.87141e-04  6.81053e+00  1.95950e-03  7.59831e+00  0.00000e+00  8.68896e-02  4.44685e+00  0.00000e+00  4.77819e+00
  2.18500e+02  8.81885e-04  6.81236e+00  3.71718e-03  7.59840e+00  0.00000e+00  8.70371e-02  4.44624e+00  0.00000e+00  4.77759e+00
  2.19001e+02  8.80132e-04  6.81286e+00  4.61616e-03  7.59668e+00  0.00000e+00  8.71985e-02  4.44434e+00  0.00000e+00  4.77567e+00
  2.19500e+02  8.79957e-04  6.81241e+00  4.14413e-03  7.59400e+00  0.00000e+00  8.73450e-02  4.44188e+00  0.00000e+00  4.77318e+00
  2.20000e+02  9.04525e-04  6.81202e+00  2.38001e-03  7.59185e+00  0.00000e+00  8.75030e-02  4.43991e+00  0.00000e+00  4.77127e+00
  2.20500e+02  9.14960e-04  6.81208e+00 -1.37455e-04  7.59116e+00  0.00000e+00  8.77273e-02  4.43919e+00  0.00000e+00  4.77076e+00
  2.21001e+02  9.15232e-04  6.81259e+00 -2.47884e-03  7.59226e+00  0.00000e+00  8.80103e-02  4.44016e+00  0.00000e+00  4.77209e+00
  2.21500e+02  9.10782e-04  6.81332e+00 -3.84650e-03  7.59467e+00  0.00000e+00  8.83353e-02  4.44236e+00  0.00000e+00  4.77474e+00
  2.22001e+02  9.00271e-04  6.81413e+00 -3.64498e-03  7.59762e+00  0.00000e+00  8.86060e-02  4.44509e+00  0.00000e+00  4.77791e+00
  2.22500e+02  8.92067e-04  6.81493e+00 -1.82239e-03  7.59997e+00  0.00000e+00  8.86668e-02  4.44718e+00  0.00000e+00  4.78025e+00
  2.23000e+02  8.86309e-04  6.81558e+00  6.86410e-04  7.60071e+00  0.00000e+00  8.84068e-02  4.44749e+00  0.00000e+00  4.78052e+00
  2.23501e+02  8.84470e-04  6.81589e+00  2.42449e-03  7.59965e+00  0.00000e+00  8.78873e-02  4.44589e+00  0.00000e+00  4.77864e+00
  2.24000e+02  8.71038e-04  6.81567e+00  2.52071e-03  7.59771e+00  0.00000e+00  8.72350e-02  4.44365e+00  0.00000e+00  4.77599e+00
  2.24501e+02  8.69207e-04  6.81449e+00  1.00149e-03  7.59579e+00  0.00000e+00  8.66484e-02  4.44203e+00  0.00000e+00  4.77400e+00
  2.25000e+02  8.76688e-04  6.81251e+00 -1.30699e-03  7.59469e+00  0.00000e+00  8.62688e-02  4.44180e+00  0.00000e+00  4.77359e+00
  2.25501e+02  9.03597e-04  6.81029e+00 -3.24077e-03  7.59478e+00  0.00000e+00  8.60450e-02  4.44304e+00  0.00000e+00  4.77479e+00
  2.26000e+02  9.15395e-04  6.80838e+00 -3.93383e-03  7.59569e+00  0.00000e+00  8.58955e-02  4.44495e+00  0.00000e+00  4.77673e+00
  2.26500e+02  9.22404e-04  6.80724e+00 -3.45033e-03  7.59684e+00  0.00000e+00  8.57183e-02  4.44657e+00  0.00000e+00  4.77837e+00
  2.27000e+02  9.22866e-04  6.80725e+00 -2.25175e-03  7.59804e+00  0.00000e+00  8.54728e-02  4.44761e+00  0.00000e+00  4.77939e+00
  2.27501e+02  9.18239e-04  6.80847e+00 -8.54950e-04  7.59925e+00  0.00000e+00  8.52518e-02  4.44800e+00  0.00000e+00  4.77975e+00
  2.28000e+02  9.10071e-04  6.81069e+00  4.00394e-04  7.60067e+00  0.00000e+00  8.51016e-02  4.44824e+00  0.00000e+00  4.77996e+00
  2.28500e+02  9.01538e-04  6.81340e+00  1.64146e-03  7.60217e+00  0.00000e+00  8.50401e-02  4.44855e+00  0.00000e+00  4.78023e+00
  2.29000e+02  8.93522e-04  6.81565e+00  2.91246e-03  7.60287e+00  0.00000e+00  8.51134e-02  4.44836e+00  0.00000e+00  4.78001e+00
  2.29500e+02  8.93275e-04  6.81665e+00  3.74124e-03  7.60209e+00  0.00000e+00  8.53037e-02  4.44722e+00  0.00000e+00  4.77889e+00
  2.30000e+02  8.96482e-04  6.81645e+00  3.66474e-03  7.60012e+00  0.00000e+00  8.55131e-02  4.44542e+00  0.00000e+00  4.77710e+00
  2.30500e+02  9.06953e-04  6.81594e+00  2.59239e-03  7.59812e+00  0.00000e+00  8.57211e-02  4.44370e+00  0.00000e+00  4.77542e+00
  2.31000e+02  9.18369e-04  6.81574e+00  8.73979e-04  7.59703e+00  0.00000e+00  8.59432e-02  4.44276e+00  0.00000e+00  4.77463e+00
  2.31501e+02  9.21817e-04  6.81602e+00 -9.52886e-04  7.59725e+00  0.00000e+00  8.61716e-02  4.44290e+00  0.00000e+00  4.77504e+00
  2.32000e+02  9.19059e-04  6.81664e+00 -2.39104e-03  7.59864e+00  0.00000e+00  8.63859e-02  4.44408e+00  0.00000e+00  4.77656e+00
  2.32501e+02  9.11286e-04  6.81745e+00 -2.90446e-03  7.60077e+00  0.00000e+00  8.65823e-02  4.44591e+00  0.00000e+00  4.77876e+00
  2.33000e+02  9.03658e-04  6.81834e+00 -2.26515e-03  7.60297e+00  0.00000e+00  8.66891e-02  4.44777e+00  0.00000e+00  4.78090e+00
  2.33500e+02  8.97052e-04  6.81917e+00 -8.51331e-04  7.60442e+00  0.00000e+00  8.66081e-02  4.44877e+00  0.00000e+00  4.78202e+00
  2.34000e+02  8.92995e-04  6.81970e+00  6.49319e-04  7.60473e+00  0.00000e+00  8.63188e-02  4.44863e+00  0.00000e+00  4.78178e+00
  2.34501e+02  8.90262e-04  6.81975e+00  1.50183e-03  7.60399e+00  0.00000e+00  8.58531e-02  4.44762e+00  0.00000e+00  4.78050e+00
  2.35000e+02  8.89449e-04  6.81910e+00  1.32785e-03  7.60266e+00  0.00000e+00  8.53036e-02  4.44637e+00  0.00000e+00  4.77891e+00
  2.35500e+02  8.94087e-04  6.81753e+00  2.35964e-04  7.60111e+00  0.00000e+00  8.48176e-02  4.44537e+00  0.00000e+00  4.77762e+00
  2.36000e+02  8.98497e-04  6.81554e+00 -1.36838e-03  7.60009e+00  0.00000e+00  8.44576e-02  4.44517e+00  0.00000e+00  4.77727e+00
  2.36500e+02  9.05060e-04  6.81359e+00 -2.71559e-03  7.59997e+00  0.00000e+00  8.42007e-02  4.44593e+00  0.00000e+00  4.77797e+00
  2.37000e+02  9.16313e-04  6.81211e+00 -3.32738e-03  7.60059e+00  0.00000e+00  8.40141e-02  4.44721e+00  0.00000e+00  4.77925e+00
  2.37501e+02  9.23271e-04  6.81152e+00 -3.12109e-03  7.60185e+00  0.00000e+00  8.38567e-02  4.44872e+00  0.00000e+00  4.78079e+00
  2.38001e+02  9.24239e-04  6.81204e+00 -2.12013e-03  7.60346e+00  0.00000e+00  8.37129e-02  4.45002e+00  0.00000e+00  4.78213e+00
  2.38500e+02  9.21336e-04  6.81361e+00 -7.00492e-04  7.60511e+00  0.00000e+00  8.35893e-02  4.45084e+00  0.00000e+00  4.78296e+00
  2.39001e+02  9.16206e-04  6.81593e+00  8.63962e-04  7.60668e+00  0.00000e+00  8.34823e-02  4.45131e+00  0.00000e+00  4.78341e+00
  2.39500e+02  9.09089e-04  6.81832e+00  2.42731e-03  7.60764e+00  0.00000e+00  8.34259e-02  4.45123e+00  0.00000e+00  4.78324e+00
  2.40000e+02  9.03811e-04  6.81981e+00  3.57702e-03  7.60725e+00  0.00000e+00  8.34728e-02  4.45020e+00  0.00000e+00  4.78214e+00
  2.40500e+02  9.07164e-04  6.82014e+00  3.78263e-03  7.60564e+00  0.00000e+00  8.36049e-02  4.44846e+00  0.00000e+00  4.78037e+00
  2.41001e+02  9.15226e-04  6.81974e+00  2.87612e-03  7.60364e+00  0.00000e+00  8.38294e-02  4.44668e+00  0.00000e+00  4.77863e+00
  2.41501e+02  9.23056e-04  6.81942e+00  1.36788e-03  7.60245e+00  0.00000e+00  8.40980e-02  4.44578e+00  0.00000e+00  4.77787e+00
  2.42001e+02  9.27547e-04  6.81951e+00 -9.08251e-05  7.60236e+00  0.00000e+00  8.43534e-02  4.44580e+00  0.00000e+00  4.77812e+00
  2.42500e+02  9.25501e-04  6.81996e+00 -1.30882e-03  7.60303e+00  0.00000e+00  8.45591e-02  4.44630e+00  0.00000e+00  4.77890e+00
  2.43001e+02  9.20654e-04  6.82062e+00 -2.18436e-03  7.60440e+00  0.00000e+00  8.47210e-02  4.44737e+00  0.00000e+00  4.78027e+00
  2.43501e+02  9.15556e-04  6.82143e+00 -2.30623e-03  7.60630e+00  0.00000e+00  8.48477e-02  4.44896e+00  0.00000e+00  4.78215e+00
  2.44001e+02  9.10466e-04  6.82230e+00 -1.55930e-03  7.60808e+00  0.00000e+00  8.48634e-02  4.45035e+00  0.00000e+00  4.78374e+00
  2.44500e+02  9.06018e-04  6.82304e+00 -2.78465e-04  7.60912e+00  0.00000e+00  8.46893e-02  4.45097e+00  0.00000e+00  4.78437e+00
  2.45000e+02  9.04224e-04  6.82342e+00  8.20086e-04  7.60910e+00  0.00000e+00  8.43413e-02  4.45056e+00  0.00000e+00  4.78380e+00
  2.45501e+02  9.09039e-04  6.82332e+00  1.17615e-03  7.60834e+00  0.00000e+00  8.38840e-02  4.44962e+00  0.00000e+00  4.78259e+00
  2.46000e+02  9.18117e-04  6.82238e+00  7.12704e-04  7.60712e+00  0.00000e+00  8.34070e-02  4.44866e+00  0.00000e+00  4.78134e+00
  2.46501e+02  9.25739e-04  6.82063e+00 -4.43641e-04  7.60579e+00  0.00000e+00  8.30109e-02  4.44796e+00  0.00000e+00  4.78045e+00
  2.47001e+02  9.29105e-04  6.81866e+00 -1.86329e-03  7.60511e+00  0.00000e+00  8.27109e-02  4.44812e+00  0.00000e+00  4.78050e+00
  2.47500e+02  9.33579e-04  6.81695e+00 -2.79727e-03  7.60531e+00  0.00000e+00  8.24862e-02  4.44912e+00  0.00000e+00  4.78145e+00
  2.48000e+02  9.35814e-04  6.81588e+00 -2.97688e-03  7.60615e+00  0.00000e+00  8.23129e-02  4.45047e+00  0.00000e+00  4.78282e+00
  2.48500e+02  9.33156e-04  6.81578e+00 -2.33679e-03  7.60739e+00  0.00000e+00  8.21682e-02  4.45170e+00  0.00000e+00  4.78409e+00
  2.49000e+02  9.28472e-04  6.81673e+00 -1.18561e-03  7.60873e+00  0.00000e+00  8.20218e-02  4.45247e+00  0.00000e+00  4.78486e+00
  2.49501e+02  9.22147e-04  6.81857e+00 -2.37025e-05  7.61008e+00  0.00000e+00  8.18728e-02  4.45280e+00  0.00000e+00  4.78517e+00
  2.50000e+02  9.13125e-04  6.82083e+00  1.05038e-03  7.61146e+00  0.00000e+00  8.17886e-02  4.45313e+00  0.00000e+00  4.78545e+00
  2.50500e+02  9.08570e-04  6.82270e+00  2.20661e-03  7.61224e+00  0.00000e+00  8.18167e-02  4.45321e+00  0.00000e+00  4.78548e+00
  2.51001e+02  9.11244e-04  6.82356e+00  3.15077e-03  7.61175e+00  0.00000e+00  8.19411e-02  4.45247e+00  0.00000e+00  4.78473e+00
  2.51500e+02  9.16512e-04  6.82342e+00  3.38707e-03  7.61004e+00  0.00000e+00  8.21033e-02  4.45086e+00  0.00000e+00  4.78312e+00
  2.52000e+02  9.21130e-04  6.82303e+00  2.66609e-03  7.60815e+00  0.00000e+00  8.22890e-02  4.44914e+00  0.00000e+00  4.78144e+00
  2.52501e+02  9.25324e-04  6.82292e+00  1.27295e-03  7.60705e+00  0.00000e+00  8.24902e-02  4.44815e+00  0.00000e+00  4.78058e+00
  2.53000e+02  9.25595e-04  6.82321e+00 -2.53069e-04  7.60708e+00  0.00000e+00  8.26895e-02  4.44814e+00  0.00000e+00  4.78079e+00
  2.53501e+02  9.23156e-04  6.82377e+00 -1.48681e-03  7.60800e+00  0.00000e+00  8.28864e-02  4.44887e+00  0.00000e+00  4.78180e+00
  2.54000e+02  9.19211e-04  6.82447e+00 -2.16683e-03  7.60954e+00  0.00000e+00  8.30479e-02  4.45013e+00  0.00000e+00  4.78336e+00
  2.54501e+02  9.14328e-04  6.82529e+00 -2.10435e-03  7.61134e+00  0.00000e+00  8.31190e-02  4.45157e+00  0.00000e+00  4.78504e+00
  2.55000e+02  9.09891e-04  6.82610e+00 -1.38193e-03  7.61294e+00  0.00000e+00  8.30435e-02  4.45277e+00  0.00000e+00  4.78634e+00
  2.55500e+02  9.06517e-04  6.82672e+00 -3.18616e-04  7.61383e+00  0.00000e+00  8.28303e-02  4.45329e+00  0.00000e+00  4.78682e+00
  2.56001e+02  9.05082e-04  6.82691e+00  6.38932e-04  7.61385e+00  0.00000e+00  8.24975e-02  4.45307e+00  0.00000e+00  4.78645e+00
  2.56500e+02  9.06427e-04  6.82660e+00  1.04602e-03  7.61310e+00  0.00000e+00  8.20858e-02  4.45228e+00  0.00000e+00  4.78543e+00
  2.57001e+02  9.10495e-04  6.82546e+00  6.87025e-04  7.61172e+00  0.00000e+00  8.16637e-02  4.45121e+00  0.00000e+00  4.78413e+00
  2.57501e+02  9.17498e-04  6.82371e+00 -3.87973e-04  7.61033e+00  0.00000e+00  8.12732e-02  4.45044e+00  0.00000e+00  4.78317e+00
  2.58000e+02  9.24535e-04  6.82183e+00 -1.68206e-03  7.60957e+00  0.00000e+00  8.09622e-02  4.45046e+00  0.00000e+00  4.78306e+00
  2.58500e+02  9.26811e-04  6.82032e+00 -2.71786e-03  7.60969e+00  0.00000e+00  8.07580e-02  4.45122e+00  0.00000e+00  4.78377e+00
  2.59001e+02  9.26158e-04  6.81958e+00 -3.03682e-03  7.61072e+00  0.00000e+00  8.06377e-02  4.45259e+00  0.00000e+00  4.78519e+00
  2.59500e+02  9.25039e-04  6.81987e+00 -2.45748e-03  7.61235e+00  0.00000e+00  8.05567e-02  4.45407e+00  0.00000e+00  4.78675e+00
  2.60000e+02  9.22717e-04  6.82114e+00 -1.19911e-03  7.61410e+00  0.00000e+00  8.04374e-02  4.45517e+00  0.00000e+00  4.78787e+00
  2.60500e+02  9.24013e-04  6.82310e+00  2.62712e-04  7.61564e+00  0.00000e+00  8.03003e-02  4.45575e+00  0.00000e+00  4.78841e+00
  2.61000e+02  9.27280e-04  6.82519e+00  1.68007e-03  7.61673e+00  0.00000e+00  8.02250e-02  4.45592e+00  0.00000e+00  4.78852e+00
  2.61500e+02  9.30803e-04  6.82654e+00  2.85652e-03  7.61675e+00  0.00000e+00  8.02552e-02  4.45544e+00  0.00000e+00  4.78798e+00
  2.62000e+02  9.32161e-04  6.82693e+00  3.48078e-03  7.61556e+00  0.00000e+00  8.03691e-02  4.45415e+00  0.00000e+00  4.78667e+00
  2.62501e+02  9.34765e-04  6.82661e+00  3.19342e-03  7.61362e+00  0.00000e+00  8.05256e-02  4.45237e+00  0.00000e+00  4.78489e+00
  2.63000e+02  9.36587e-04  6.82634e+00  2.06750e-03  7.61209e+00  0.00000e+00  8.06864e-02  4.45102e+00  0.00000e+00  4.78359e+00
  2.63501e+02  9.35576e-04  6.82641e+00  5.45986e-04  7.61149e+00  0.00000e+00  8.08819e-02  4.45043e+00  0.00000e+00  4.78315e+00
  2.64001e+02  9.32526e-04  6.82681e+00 -9.83986e-04  7.61197e+00  0.00000e+00  8.11047e-02  4.45080e+00  0.00000e+00  4.78378e+00
  2.64501e+02  9.29045e-04  6.82738e+00 -1.95347e-03  7.61335e+00  0.00000e+00  8.13155e-02  4.45205e+00  0.00000e+00  4.78534e+00
  2.65000e+02  9.25498e-04  6.82808e+00 -2.02011e-03  7.61507e+00  0.00000e+00  8.14504e-02  4.45352e+00  0.00000e+00  4.78709e+00
  2.65500e+02  9.21667e-04  6.82887e+00 -1.44113e-03  7.61654e+00  0.00000e+00  8.14484e-02  4.45458e+00  0.00000e+00  4.78832e+00
  2.66000e+02  9.19230e-04  6.82966e+00 -6.14714e-04  7.61758e+00  0.00000e+00  8.12798e-02  4.45515e+00  0.00000e+00  4.78890e+00
  2.66501e+02  9.20137e-04  6.83019e+00  1.88216e-04  7.61806e+00  0.00000e+00  8.09920e-02  4.45530e+00  0.00000e+00  4.78894e+00
  2.67001e+02  9.23590e-04  6.83027e+00  6.60535e-04  7.61781e+00  0.00000e+00  8.06426e-02  4.45484e+00  0.00000e+00  4.78830e+00
  2.67500e+02  9.28254e-04  6.82977e+00  5.59500e-04  7.61710e+00  0.00000e+00  8.02793e-02  4.45420e+00  0.00000e+00  4.78747e+00
  2.68000e+02  9.32736e-04  6.82846e+00 -8.23655e-05  7.61604e+00  0.00000e+00  7.99478e-02  4.45361e+00  0.00000e+00  4.78672e+00
  2.68500e+02  9.36106e-04  6.82665e+00 -1.00903e-03  7.61511e+00  0.00000e+00  7.96330e-02  4.45341e+00  0.00000e+00  4.78639e+00
  2.69001e+02  9.37117e-04  6.82486e+00 -1.85343e-03  7.61461e+00  0.00000e+00  7.93722e-02  4.45366e+00  0.00000e+00  4.78654e+00
  2.69501e+02  9.36023e-04  6.82362e+00 -2.36316e-03  7.61476e+00  0.00000e+00  7.91713e-02  4.45427e+00  0.00000e+00  4.78712e+00
  2.70001e+02  9.34237e-04  6.82328e+00 -2.38234e-03  7.61563e+00  0.00000e+00  7.90237e-02  4.45522e+00  0.00000e+00  4.78809e+00
  2.70500e+02  9.32638e-04  6.82391e+00 -1.85796e-03  7.61707e+00  0.00000e+00  7.89051e-02  4.45630e+00  0.00000e+00  4.78922e+00
  2.71000e+02  9.30156e-04  6.82537e+00 -8.97307e-04  7.61876e+00  0.00000e+00  7.87955e-02  4.45726e+00  0.00000e+00  4.79019e+00
  2.71500e+02  9.28432e-04  6.82733e+00  3.60939e-04  7.62038e+00  0.00000e+00  7.87185e-02  4.45802e+00  0.00000e+00  4.79093e+00
  2.72000e+02  9.28348e-04  6.82910e+00  1.75909e-03  7.62128e+00  0.00000e+00  7.87118e-02  4.45819e+00  0.00000e+00  4.79106e+00
  2.72501e+02  9.30893e-04  6.83003e+00  2.85800e-03  7.62095e+00  0.00000e+00  7.87761e-02  4.45753e+00  0.00000e+00  4.79036e+00
  2.73000e+02  9.33731e-04  6.83004e+00  3.31078e-03  7.61949e+00  0.00000e+00  7.88879e-02  4.45614e+00  0.00000e+00  4.78895e+00
  2.73500e+02  9.34554e-04  6.82967e+00  2.87576e-03  7.61763e+00  0.00000e+00  7.90243e-02  4.45445e+00  0.00000e+00  4.78726e+00
  2.74000e+02  9.33644e-04  6.82949e+00  1.73553e-03  7.61633e+00  0.00000e+00  7.91607e-02  4.45328e+00  0.00000e+00  4.78615e+00
  2.74500e+02  9.32493e-04  6.82969e+00  2.96919e-04  7.61597e+00  0.00000e+00  7.93195e-02  4.45285e+00  0.00000e+00  4.78588e+00
  2.75000e+02  9.30118e-04  6.83019e+00 -1.11810e-03  7.61660e+00  0.00000e+00  7.95105e-02  4.45330e+00  0.00000e+00  4.78658e+00
  2.75500e+02  9.28699e-04  6.83085e+00 -1.98012e-03  7.61810e+00  0.00000e+00  7.96828e-02  4.45462e+00  0.00000e+00  4.78819e+00
  2.76001e+02  9.27874e-04  6.83159e+00 -1.92531e-03  7.61984e+00  0.00000e+00  7.97934e-02  4.45610e+00  0.00000e+00  4.78991e+00
  2.76501e+02  9.27296e-04  6.83236e+00 -1.28194e-03  7.62126e+00  0.00000e+00  7.97673e-02  4.45712e+00  0.00000e+00  4.79107e+00
  2.77001e+02  9.28949e-04  6.83304e+00 -4.45870e-04  7.62219e+00  0.00000e+00  7.95839e-02  4.45767e+00  0.00000e+00  4.79159e+00
  2.77500e+02  9.30780e-04  6.83341e+00  3.56910e-04  7.62243e+00  0.00000e+00  7.92790e-02  4.45763e+00  0.00000e+00  4.79141e+00
  2.78000e+02  9.33909e-04  6.83336e+00  6.39486e-04  7.62205e+00  0.00000e+00  7.89288e-02  4.45711e+00  0.00000e+00  4.79072e+00
  2.78500e+02  9.35732e-04  6.83275e+00  4.03291e-04  7.62133e+00  0.00000e+00  7.85937e-02  4.45655e+00  0.00000e+00  4.78999e+00
  2.79000e+02  9.36190e-04  6.83139e+00 -2.87423e-04  7.62034e+00  0.00000e+00  7.82816e-02  4.45606e+00  0.00000e+00  4.78936e+00
  2.79500e+02  9.35855e-04  6.82962e+00 -1.14515e-03  7.61949e+00  0.00000e+00  7.80041e-02  4.45590e+00  0.00000e+00  4.78910e+00
  2.80000e+02  9.35179e-04  6.82800e+00 -1.91517e-03  7.61913e+00  0.00000e+00  7.77777e-02  4.45620e+00  0.00000e+00  4.78933e+00
  2.80501e+02  9.34795e-04  6.82702e+00 -2.26554e-03  7.61943e+00  0.00000e+00  7.75898e-02  4.45685e+00  0.00000e+00  4.78995e+00
  2.81000e+02  9.35536e-04  6.82699e+00 -2.19486e-03  7.62040e+00  0.00000e+00  7.74625e-02  4.45772e+00  0.00000e+00  4.79086e+00
  2.81501e+02  9.36299e-04  6.82787e+00 -1.64251e-03  7.62195e+00  0.00000e+00  7.73567e-02  4.45881e+00  0.00000e+00  4.79199e+00
  2.82001e+02  9.36627e-04  6.82943e+00 -6.46010e-04  7.62368e+00  0.00000e+00  7.72716e-02  4.45984e+00  0.00000e+00  4.79303e+00
  2.82501e+02  9.38698e-04  6.83129e+00  7.18278e-04  7.62517e+00  0.00000e+00  7.72128e-02  4.46057e+00  0.00000e+00  4.79374e+00
  2.83000e+02  9.41049e-04  6.83268e+00  2.11517e-03  7.62561e+00  0.00000e+00  7.72067e-02  4.46046e+00  0.00000e+00  4.79357e+00
  2.83501e+02  9.41736e-04  6.83326e+00  3.00732e-03  7.62481e+00  0.00000e+00  7.72648e-02  4.45942e+00  0.00000e+00  4.79250e+00
  2.84001e+02  9.41111e-04  6.83306e+00  3.09285e-03  7.62314e+00  0.00000e+00  7.73667e-02  4.45786e+00  0.00000e+00  4.79090e+00
  2.84501e+02  9.40242e-04  6.83273e+00  2.35379e-03  7.62151e+00  0.00000e+00  7.74965e-02  4.45639e+00  0.00000e+00  4.78945e+00
  2.85000e+02  9.38870e-04  6.83265e+00  1.14362e-03  7.62062e+00  0.00000e+00  7.76344e-02  4.45560e+00  0.00000e+00  4.78874e+00
  2.85500e+02  9.37773e-04  6.83293e+00 -1.47554e-04  7.62064e+00  0.00000e+00  7.77967e-02  4.45554e+00  0.00000e+00  4.78885e+00
  2.86001e+02  9.36833e-04  6.83347e+00 -1.23629e-03  7.62150e+00  0.00000e+00  7.79791e-02  4.45621e+00  0.00000e+00  4.78978e+00
  2.86500e+02  9.35771e-04  6.83416e+00 -1.72187e-03  7.62298e+00  0.00000e+00  7.81199e-02  4.45749e+00  0.00000e+00  4.79132e+00
  2.87001e+02  9.35115e-04  6.83493e+00 -1.48085e-03  7.62448e+00  0.00000e+00  7.81780e-02  4.45867e+00  0.00000e+00  4.79268e+00
  2.87501e+02  9.35954e-04  6.83569e+00 -8.79765e-04  7.62565e+00  0.00000e+00  7.80991e-02  4.45945e+00  0.00000e+00  4.79354e+00
  2.88000e+02  9.39107e-04  6.83628e+00 -2.01163e-04  7.62636e+00  0.00000e+00  7.78953e-02  4.45983e+00  0.00000e+00  4.79388e+00
  2.88500e+02  9.40963e-04  6.83651e+00  2.86545e-04  7.62642e+00  0.00000e+00  7.76018e-02  4.45966e+00  0.00000e+00  4.79357e+00
  2.89000e+02  9.41802e-04  6.83638e+00  3.15877e-04  7.62613e+00  0.00000e+00  7.72815e-02  4.45931e+00  0.00000e+00  4.79305e+00
  2.89500e+02  9.41684e-04  6.83564e+00 -3.10815e-05  7.62555e+00  0.00000e+00  7.69829e-02  4.45895e+00  0.00000e+00  4.79256e+00
  2.90000e+02  9.40916e-04  6.83421e+00 -6.12679e-04  7.62477e+00  0.00000e+00  7.66977e-02  4.45873e+00  0.00000e+00  4.79222e+00
  2.90500e+02  9.39990e-04  6.83252e+00 -1.22077e-03  7.62403e+00  0.00000e+00  7.64591e-02  4.45865e+00  0.00000e+00  4.79207e+00
  2.91000e+02  9.39919e-04  6.83110e+00 -1.70035e-03  7.62373e+00  0.00000e+00  7.62379e-02  4.45890e+00  0.00000e+00  4.79225e+00
  2.91501e+02  9.40282e-04  6.83041e+00 -1.88722e-03  7.62399e+00  0.00000e+00  7.60494e-02  4.45934e+00  0.00000e+00  4.79266e+00
  2.92001e+02  9.40730e-04  6.83064e+00 -1.84376e-03  7.62491e+00  0.00000e+00  7.59206e-02  4.46002e+00  0.00000e+00  4.79337e+00
  2.92501e+02  9.41641e-04  6.83168e+00 -1.41909e-03  7.62646e+00  0.00000e+00  7.58192e-02  4.46107e+00  0.00000e+00  4.79445e+00
  2.93000e+02  9.43391e-04  6.83327e+00 -5.30645e-04  7.62821e+00  0.00000e+00  7.57674e-02  4.46214e+00  0.00000e+00  4.79554e+00
  2.93501e+02  9.45143e-04  6.83492e+00  7.49332e-04  7.62960e+00  0.00000e+00  7.57420e-02  4.46290e+00  0.00000e+00  4.79630e+00
  2.94001e+02  9.45199e-04  6.83595e+00  2.12081e-03  7.62981e+00  0.00000e+00  7.57571e-02  4.46274e+00  0.00000e+00  4.79609e+00
  2.94501e+02  9.44819e-04  6.83620e+00  2.98154e-03  7.62872e+00  0.00000e+00  7.58157e-02  4.46153e+00  0.00000e+00  4.79484e+00
  2.95000e+02  9.44280e-04  6.83591e+00  2.94192e-03  7.62697e+00  0.00000e+00  7.58983e-02  4.45988e+00  0.00000e+00  4.79315e+00
  2.95501e+02  9.43897e-04  6.83568e+00  2.13859e-03  7.62551e+00  0.00000e+00  7.59962e-02  4.45856e+00  0.00000e+00  4.79184e+00
  2.96001e+02  9.43548e-04  6.83571e+00  9.28544e-04  7.62481e+00  0.00000e+00  7.61199e-02  4.45789e+00  0.00000e+00  4.79125e+00
  2.96501e+02  9.42795e-04  6.83607e+00 -3.27950e-04  7.62501e+00  0.00000e+00  7.62693e-02  4.45798e+00  0.00000e+00  4.79151e+00
  2.97000e+02  9.42009e-04  6.83665e+00 -1.30679e-03  7.62598e+00  0.00000e+00  7.64349e-02  4.45876e+00  0.00000e+00  4.79254e+00
  2.97500e+02  9.41460e-04  6.83736e+00 -1.68781e-03  7.62749e+00  0.00000e+00  7.65655e-02  4.46005e+00  0.00000e+00  4.79407e+00
  2.98000e+02  9.42231e-04  6.83812e+00 -1.37017e-03  7.62898e+00  0.00000e+00  7.66141e-02  4.46123e+00  0.00000e+00  4.79543e+00
  2.98501e+02  9.43871e-04  6.83881e+00 -6.89634e-04  7.63006e+00  0.00000e+00  7.65133e-02  4.46198e+00  0.00000e+00  4.79623e+00
  2.99001e+02  9.45056e-04  6.83927e+00  5.31625e-06  7.63053e+00  0.00000e+00  7.62803e-02  4.46216e+00  0.00000e+00  4.79632e+00
  2.99501e+02  9.45596e-04  6.83938e+00  3.65850e-04  7.63040e+00  0.00000e+00  7.59781e-02  4.46182e+00  0.00000e+00  4.79584e+00
  3.00000e+02  9.46064e-04  6.83920e+00  2.51071e-04  7.63001e+00  0.00000e+00  7.56761e-02  4.46137e+00  0.00000e+00  4.79525e+00